-5.146257
-10.684788
-17.155668
-25.126816
-35.171234
-47.854828
-63.737648
-83.320740
-107.077888
-135.416046
-168.668167
-207.100143
-250.882324
-300.082825
-354.664490
-414.482819
-479.298523
-548.775818
-622.479919
-699.892029
-780.427368
-863.433411
-948.209351
-1034.009521
-1120.067383
-1205.617920
-1289.914673
-1372.245850
-1451.935059
-1528.359741
-1600.954224
-1669.241211
-1732.828003
-1791.419678
-1844.825562
-1892.949829
-1935.787720
-1973.432007
-2006.070557
-2033.963257
-2057.451416
-2076.943848
-2092.906250
-2105.843506
-2116.281982
-2124.759277
-2131.816895
-2137.981934
-2143.751953
-2144.350586
-2144.900391
-2145.372070
-2145.736572
-2145.972656
-2146.072021
-2146.019287
-2145.829346
-2145.513184
-2145.085938
-2144.562988
-2143.960938
-2143.297119
-2142.597168
-2141.892822
-2141.209717
-2140.570801
-2139.990479
-2139.483398
-2139.060547
-2138.715820
-2138.441406
-2138.234131
-2138.097656
-2138.035645
-2138.040527
-2138.091553
-2138.170410
-2138.262939
-2138.360107
-2138.461670
-2138.557129
-2138.650635
-2138.744385
-2138.836426
-2138.929932
-2139.025635
-2139.124023
-2139.226074
-2139.345215
-2139.487549
-2139.659424
-2139.861816
-2140.095459
-2140.354004
-2140.638184
-2140.937988
-2141.238037
-2141.524414
-2141.795166
-2142.053467
-2142.287842
-2142.487305
-2142.639404
-2142.737305
-2142.773926
-2142.755859
-2142.680420
-2142.557373
-2142.404541
-2142.243896
-2142.097412
-2141.970459
-2141.870361
-2141.816895
-2141.823486
-2141.897461
-2142.051758
-2142.288574
-2142.599854
-2142.978271
-2143.413818
-2143.885986
-2144.359131
-2144.806396
-2145.214600
-2145.550293
-2145.784912
-2145.898438
-2145.876221
-2145.715576
-2145.414062
-2144.973145
-2144.388672
-2143.661377
-2142.811035
-2141.874512
-2140.881836
-2139.862061
-2138.847900
-2137.868896
-2136.950928
-2136.112549
-2135.379639
-2134.762695
-2134.272705
-2133.920410
-2133.720459
-2133.655518
-2133.700684
-2133.836670
-2134.054688
-2134.331787
-2134.643311
-2134.970215
-2135.276367
-2135.541504
-2135.750000
-2135.904785
-2135.988770
-2135.996582
-2135.935547
-2135.822266
-2135.668213
-2135.487793
-2135.295410
-2135.097412
-2134.915527
-2134.772217
-2134.682617
-2134.640137
-2134.636230
-2134.678223
-2134.767334
-2134.890625
-2135.028320
-2135.165771
-2135.294434
-2135.400635
-2135.468506
-2135.479004
-2135.422607
-2135.299561
-2135.120605
-2134.892578
-2134.615479
-2134.301758
-2133.976074
-2133.666992
-2133.395996
-2133.186768
-2133.063232
-2133.045898
-2133.145996
-2133.378174
-2133.749756
-2134.255859
-2134.892822
-2135.644531
-2136.485352
-2137.370117
-2138.269531
-2139.144287
-2139.967773
-2140.716309
-2141.365234
-2141.885254
-2142.246582
-2142.432373
-2142.433105
-2142.260986
-2141.920654
-2141.436768
-2140.830078
-2140.144775
-2139.411621
-2138.656494
-2137.915039
-2137.221680
-2136.609375
-2136.110596
-2135.743408
-2135.516357
-2135.433105
-2135.500244
-2135.719727
-2136.063477
-2136.505859
-2137.022949
-2137.592529
-2138.179688
-2138.754395
-2139.281738
-2139.748047
-2140.140625
-2140.455566
-2140.683105
-2140.812012
-2140.854004
-2140.825928
-2140.753906
-2140.656494
-2140.563232
-2140.497559
-2140.493408
-2140.559814
-2140.703613
-2140.931641
-2141.245850
-2141.643799
-2142.111328
-2142.636475
-2143.182129
-2143.720947
-2144.219482
-2144.658936
-2144.995117
-2145.198730
-2145.246582
-2145.113525
-2144.795410
-2144.282471
-2143.585205
-2142.707031
-2141.675049
-2140.516113
-2139.268311
-2137.964355
-2136.648926
-2135.372803
-2134.186279
-2133.130371
-2132.234619
-2131.535400
-2131.047852
-2130.788086
-2130.766602
-2130.979980
-2131.405518
-2132.019775
-2132.793701
-2133.694336
-2134.678711
-2135.717773
-2136.773926
-2137.806152
-2138.776611
-2139.650635
-2140.397217
-2140.990234
-2141.423340
-2141.700439
-2141.832275
-2141.819824
-2141.681641
-2141.433350
-2141.094238
-2140.681396
-2140.230225
-2139.771240
-2139.327637
-2138.929688
-2138.592041
-2138.321289
-2138.109375
-2137.965576
-2137.883057
-2137.856689
-2137.891113
-2137.987061
-2138.127441
-2138.298584
-2138.490479
-2138.688965
-2138.885010
-2139.062256
-2139.225098
-2139.374023
-2139.513428
-2139.643066
-2139.752441
-2139.838867
-2139.900879
-2139.938965
-2139.952881
-2139.936768
-2139.887451
-2139.803955
-2139.683350
-2139.521729
-2139.313477
-2139.042969
-2138.694336
-2138.256104
-2137.724365
-2137.104248
-2136.403564
-2135.631836
-2134.799561
-2133.922119
-2133.010254
-2132.080811
-2131.151123
-2130.251709
-2129.425049
-2128.715820
-2128.164062
-2127.784424
-2127.591309
-2127.593994
-2127.798340
-2128.213867
-2128.849854
-2129.702393
-2130.763428
-2132.021973
-2133.448975
-2134.992188
-2136.604736
-2138.262451
-2139.928223
-2141.565674
-2143.142578
-2144.628906
-2145.996094
-2147.219971
-2148.283447
-2149.160156
-2149.840576
-2150.347656
-2150.703613
-2150.915771
-2151.000732
-2150.982178
-2150.880615
-2150.705078
-2150.473877
-2150.201904
-2149.898438
-2149.576904
-2149.250488
-2148.912842
-2148.552246
-2148.161865
-2147.733887
-2147.253662
-2146.707764
-2146.095703
-2145.413330
-2144.655029
-2143.813477
-2142.898438
-2141.920654
-2140.885986
-2139.797363
-2138.682373
-2137.571777
-2136.497803
-2135.495117
-2134.591064
-2133.800781
-2133.136719
-2132.619141
-2132.260010
-2132.062500
-2132.031250
-2132.183594
-2132.498291
-2132.948242
-2133.500977
-2134.133301
-2134.818848
-2135.526855
-2136.237305
-2136.923340
-2137.553955
-2138.111328
-2138.582520
-2138.945557
-2139.194824
-2139.340088
-2139.399170
-2139.381592
-2139.307373
-2139.211182
-2139.116455
-2139.037598
-2138.996094
-2139.007324
-2139.081543
-2139.231689
-2139.460449
-2139.765381
-2140.134521
-2140.549805
-2140.987793
-2141.419434
-2141.813477
-2142.154541
-2142.427246
-2142.608643
-2142.677734
-2142.623291
-2142.444336
-2142.128906
-2141.678955
-2141.115967
-2140.465820
-2139.753662
-2139.020264
-2138.298828
-2137.621094
-2137.015869
-2136.514404
-2136.139648
-2135.906982
-2135.843994
-2135.966064
-2136.279541
-2136.758545
-2137.383545
-2138.121582
-2138.938721
-2139.798340
-2140.679199
-2141.557129
-2142.398682
-2143.178711
-2143.864014
-2144.424561
-2144.830566
-2145.084717
-2145.183838
-2145.141846
-2144.976807
-2144.713135
-2144.361816
-2143.938965
-2143.467041
-2142.965332
-2142.464600
-2141.993408
-2141.570312
-2141.201172
-2140.897217
-2140.656006
-2140.474121
-2140.336182
-2140.228760
-2140.133057
-2140.032715
-2139.909424
-2139.741943
-2139.513428
-2139.217773
-2138.840332
-2138.366455
-2137.791992
-2137.117920
-2136.355469
-2135.520996
-2134.635498
-2133.715088
-2132.792480
-2131.884033
-2131.004150
-2130.162842
-2129.382568
-2128.690918
-2128.099609
-2127.625244
-2127.271240
-2127.033447
-2126.889893
-2126.835938
-2126.847656
-2126.913330
-2127.028809
-2127.191650
-2127.396729
-2127.625244
-2127.874512
-2128.129150
-2128.380859
-2128.634033
-2128.916016
-2129.237305
-2129.613525
-2130.048340
-2130.538330
-2131.083008
-2131.691650
-2132.376953
-2133.135010
-2133.954834
-2134.825195
-2135.729492
-2136.644043
-2137.553711
-2138.434326
-2139.272217
-2140.051514
-2140.752441
-2141.345703
-2141.811523
-2142.141602
-2142.345947
-2142.432373
-2142.401611
-2142.261963
-2142.022949
-2141.712158
-2141.347900
-2140.954590
-2140.560547
-2140.193115
-2139.864502
-2139.590332
-2139.375488
-2139.224365
-2139.148682
-2139.149658
-2139.227783
-2139.357178
-2139.524902
-2139.705322
-2139.874756
-2140.011719
-2140.104980
-2140.135986
-2140.091553
-2139.956299
-2139.722900
-2139.392090
-2138.959229
-2138.436035
-2137.838623
-2137.208984
-2136.578369
-2135.965576
-2135.382080
-2134.854980
-2134.406494
-2134.065430
-2133.849365
-2133.768311
-2133.828857
-2134.026611
-2134.349365
-2134.771240
-2135.264160
-2135.806152
-2136.388916
-2136.988037
-2137.580811
-2138.131104
-2138.612793
-2139.017334
-2139.331543
-2139.549316
-2139.668701
-2139.681641
-2139.600830
-2139.448486
-2139.245850
-2139.016602
-2138.778809
-2138.561523
-2138.386719
-2138.260010
-2138.196777
-2138.218506
-2138.333740
-2138.556396
-2138.889404
-2139.313721
-2139.798584
-2140.307861
-2140.825439
-2141.327148
-2141.796387
-2142.207520
-2142.540771
-2142.772217
-2142.891846
-2142.886475
-2142.734863
-2142.444336
-2142.041016
-2141.554199
-2140.991455
-2140.369629
-2139.702393
-2139.014648
-2138.324463
-2137.649414
-2137.003418
-2136.401123
-2135.855225
-2135.379150
-2134.971924
-2134.621094
-2134.323242
-2134.070801
-2133.856689
-2133.664062
-2133.472656
-2133.267334
-2133.036865
-2132.768799
-2132.467529
-2132.130127
-2131.752197
-2131.335938
-2130.896973
-2130.452393
-2130.022217
-2129.626465
-2129.291504
-2129.039795
-2128.878906
-2128.823486
-2128.876709
-2129.029541
-2129.279053
-2129.636230
-2130.092773
-2130.624023
-2131.198486
-2131.787109
-2132.373047
-2132.928711
-2133.436035
-2133.870117
-2134.206787
-2134.442871
-2134.574951
-2134.589600
-2134.487061
-2134.281738
-2133.995361
-2133.653320
-2133.277832
-2132.894531
-2132.529053
-2132.207031
-2131.951172
-2131.779297
-2131.704590
-2131.743896
-2131.896240
-2132.161865
-2132.531738
-2132.984619
-2133.483154
-2134.005615
-2134.538574
-2135.060547
-2135.554443
-2135.999512
-2136.372803
-2136.652344
-2136.831055
-2136.900879
-2136.869141
-2136.753174
-2136.586426
-2136.389893
-2136.184814
-2136.000977
-2135.864014
-2135.797607
-2135.827393
-2135.977295
-2136.254395
-2136.671631
-2137.231934
-2137.935059
-2138.763916
-2139.694580
-2140.687500
-2141.705811
-2142.727051
-2143.729004
-2144.678467
-2145.531006
-2146.257812
-2146.830811
-2147.228027
-2147.433350
-2147.442627
-2147.253662
-2146.890625
-2146.380371
-2145.741699
-2144.990967
-2144.154541
-2143.267334
-2142.356201
-2141.450928
-2140.584717
-2139.786377
-2139.072510
-2138.469971
-2137.977783
-2137.582275
-2137.271240
-2137.033936
-2136.866699
-2136.758301
-2136.701172
-2136.681885
-2136.677002
-2136.665283
-2136.637451
-2136.576172
-2136.480225
-2136.349121
-2136.188477
-2136.012451
-2135.830566
-2135.653564
-2135.497070
-2135.372803
-2135.288818
-2135.255615
-2135.282715
-2135.381104
-2135.547119
-2135.797607
-2136.137451
-2136.549316
-2137.005371
-2137.491211
-2137.992676
-2138.493164
-2138.975342
-2139.423828
-2139.819824
-2140.150879
-2140.410645
-2140.577881
-2140.637695
-2140.590576
-2140.463867
-2140.271484
-2140.031494
-2139.758789
-2139.469238
-2139.164795
-2138.845703
-2138.525146
-2138.219482
-2137.946289
-2137.710205
-2137.519287
-2137.366455
-2137.241699
-2137.125488
-2137.006836
-2136.879639
-2136.741211
-2136.593018
-2136.418701
-2136.210938
-2135.967529
-2135.689453
-2135.373291
-2135.011719
-2134.611816
-2134.197021
-2133.784180
-2133.384521
-2133.019531
-2132.710205
-2132.468750
-2132.300293
-2132.211182
-2132.207520
-2132.302490
-2132.502441
-2132.816406
-2133.228760
-2133.722656
-2134.284668
-2134.901611
-2135.551514
-2136.226074
-2136.911377
-2137.597168
-2138.278320
-2138.938477
-2139.570068
-2140.153320
-2140.690186
-2141.179443
-2141.631836
-2142.052246
-2142.457520
-2142.858643
-2143.267334
-2143.680176
-2144.091309
-2144.502686
-2144.913086
-2145.319336
-2145.701904
-2146.063477
-2146.395508
-2146.678955
-2146.886230
-2146.993652
-2146.993652
-2146.870117
-2146.611816
-2146.218262
-2145.694092
-2145.055664
-2144.319336
-2143.489014
-2142.566650
-2141.581787
-2140.572510
-2139.578857
-2138.634766
-2137.778564
-2137.046875
-2136.459717
-2136.023438
-2135.744141
-2135.638184
-2135.714844
-2135.981689
-2136.425293
-2137.019775
-2137.738037
-2138.543213
-2139.406006
-2140.291016
-2141.155518
-2141.973389
-2142.721191
-2143.366943
-2143.888672
-2144.269287
-2144.503174
-2144.599854
-2144.559326
-2144.393066
-2144.118408
-2143.761963
-2143.358887
-2142.937988
-2142.520264
-2142.130127
-2141.789062
-2141.512695
-2141.304443
-2141.163818
-2141.109375
-2141.141602
-2141.234131
-2141.369385
-2141.533447
-2141.708496
-2141.864746
-2141.973877
-2142.020752
-2141.997314
-2141.904541
-2141.734375
-2141.466553
-2141.086914
-2140.616943
-2140.074951
-2139.481689
-2138.862549
-2138.248291
-2137.666748
-2137.133301
-2136.660645
-2136.262207
-2135.958740
-2135.766113
-2135.696777
-2135.749512
-2135.912109
-2136.160156
-2136.469971
-2136.825439
-2137.207031
-2137.602783
-2137.985596
-2138.326904
-2138.594971
-2138.766602
-2138.831299
-2138.791748
-2138.645508
-2138.399658
-2138.061523
-2137.643311
-2137.163818
-2136.636230
-2136.095215
-2135.566895
-2135.083496
-2134.677490
-2134.362305
-2134.139404
-2134.024414
-2134.030029
-2134.159668
-2134.408936
-2134.774170
-2135.251953
-2135.822754
-2136.470703
-2137.181396
-2137.937744
-2138.740723
-2139.592285
-2140.484375
-2141.412354
-2142.384766
-2143.414062
-2144.515625
-2145.715088
-2147.037842
-2148.516602
-2150.173340
-2152.027344
-2154.098389
-2156.416260
-2159.001465
-2161.863281
-2164.999023
-2168.398926
-2172.046143
-2175.907959
-2179.935791
-2184.084717
-2188.302002
-2192.526611
-2196.673584
-2200.643555
-2204.330811
-2207.640381
-2210.474609
-2212.749023
-2214.368408
-2215.242676
-2215.306152
-2214.480469
-2212.700684
-2209.910156
-2206.075928
-2201.175781
-2195.221924
-2188.240723
-2180.279541
-2171.377930
-2161.603027
-2151.043213
-2139.782959
-2127.930176
-2115.606689
-2102.955811
-2090.127197
-2077.275879
-2064.566162
-2052.145508
-2040.157227
-2028.753418
-2018.080200
-2008.274536
-1999.475952
-1991.806641
-1985.380127
-1980.291748
-1976.612061
-1974.401001
-1973.671753
-1974.433594
-1976.679565
-1980.388550
-1985.523315
-1992.011597
-1999.760376
-2008.676270
-2018.628052
-2029.470337
-2041.066650
-2053.277100
-2065.957520
-2078.958740
-2092.138428
-2105.346924
-2118.429688
-2131.252930
-2143.701172
-2155.656006
-2167.031494
-2177.761475
-2187.783203
-2197.039551
-2205.501709
-2213.142090
-2219.938232
-2225.877686
-2230.973145
-2235.238770
-2238.693848
-2241.374023
-2243.305664
-2244.510254
-2245.009521
-2244.830811
-2243.993652
-2242.524414
-2240.454590
-2237.830078
-2234.684082
-2231.052246
-2226.976074
-2222.481689
-2217.613770
-2212.413818
-2206.935791
-2201.247070
-2195.411865
-2189.505127
-2183.586914
-2177.707764
-2171.926270
-2166.297607
-2160.867432
-2155.683838
-2150.783447
-2146.205322
-2141.977539
-2138.103271
-2134.585693
-2131.419922
-2128.598877
-2126.101562
-2123.905273
-2121.986572
-2120.321289
-2118.885010
-2117.655762
-2116.607910
-2115.711182
-2114.943115
-2114.290527
-2113.745361
-2113.310547
-2113.000488
-2112.816650
-2112.763916
-2112.843994
-2113.058105
-2113.408203
-2113.900146
-2114.541748
-2115.332275
-2116.265381
-2117.326904
-2118.489014
-2119.724854
-2121.010742
-2122.324463
-2123.645752
-2124.941162
-2126.183838
-2127.351074
-2128.429932
-2129.402344
-2130.252930
-2130.969482
-2131.557861
-2132.033936
-2132.421631
-2132.738281
-2132.998291
-2133.235840
-2133.474121
-2133.733154
-2134.024658
-2134.369141
-2134.774658
-2135.246826
-2135.788574
-2136.390137
-2137.033936
-2137.704346
-2138.382324
-2139.050049
-2139.681152
-2140.246094
-2140.722168
-2141.085205
-2141.327148
-2141.441895
-2141.424805
-2141.273438
-2140.988037
-2140.580322
-2140.074463
-2139.497070
-2138.876221
-2138.237305
-2137.600098
-2136.996582
-2136.454590
-2135.996338
-2135.635254
-2135.378174
-2135.235840
-2135.209473
-2135.289551
-2135.451172
-2135.688477
-2135.999023
-2136.365479
-2136.751465
-2137.131592
-2137.496094
-2137.837158
-2138.142090
-2138.394287
-2138.578857
-2138.693604
-2138.749268
-2138.747803
-2138.697510
-2138.611084
-2138.512207
-2138.414551
-2138.320801
-2138.237305
-2138.181152
-2138.169678
-2138.215332
-2138.317627
-2138.474365
-2138.678467
-2138.915527
-2139.174072
-2139.440186
-2139.700684
-2139.947021
-2140.169678
-2140.355225
-2140.500244
-2140.602051
-2140.667236
-2140.693115
-2140.676025
-2140.625244
-2140.560791
-2140.510254
-2140.479980
-2140.470215
-2140.485840
-2140.536621
-2140.621094
-2140.739014
-2140.888184
-2141.062256
-2141.259033
-2141.463135
-2141.646973
-2141.784424
-2141.870605
-2141.905273
-2141.865234
-2141.729492
-2141.485107
-2141.124512
-2140.645020
-2140.050781
-2139.357178
-2138.579590
-2137.734863
-2136.842285
-2135.927002
-2135.013184
-2134.141357
-2133.346436
-2132.656006
-2132.092041
-2131.665283
-2131.385742
-2131.250000
-2131.252441
-2131.394287
-2131.678711
-2132.083008
-2132.579346
-2133.135986
-2133.727783
-2134.329346
-2134.907959
-2135.438721
-2135.903809
-2136.291016
-2136.594971
-2136.811768
-2136.919922
-2136.916992
-2136.823486
-2136.662109
-2136.449463
-2136.202393
-2135.955322
-2135.736816
-2135.562256
-2135.450928
-2135.422852
-2135.489990
-2135.665527
-2135.964111
-2136.380127
-2136.892578
-2137.479004
-2138.124023
-2138.806885
-2139.505127
-2140.207275
-2140.889160
-2141.519043
-2142.076416
-2142.555420
-2142.949463
-2143.247803
-2143.460205
-2143.603027
-2143.687012
-2143.712646
-2143.695801
-2143.646973
-2143.588867
-2143.550293
-2143.545410
-2143.576416
-2143.632568
-2143.718506
-2143.835938
-2143.981445
-2144.136475
-2144.295654
-2144.441650
-2144.561035
-2144.623535
-2144.602295
-2144.480713
-2144.243408
-2143.892578
-2143.419678
-2142.815430
-2142.081543
-2141.240967
-2140.310059
-2139.310547
-2138.262939
-2137.198486
-2136.147949
-2135.137207
-2134.192383
-2133.339111
-2132.591553
-2131.966064
-2131.471191
-2131.111328
-2130.879150
-2130.760742
-2130.743408
-2130.811523
-2130.943604
-2131.114502
-2131.303223
-2131.480713
-2131.635254
-2131.759766
-2131.848389
-2131.894043
-2131.897705
-2131.869873
-2131.818359
-2131.769287
-2131.747314
-2131.774658
-2131.870361
-2132.066650
-2132.383789
-2132.835449
-2133.433105
-2134.175781
-2135.066895
-2136.100830
-2137.274658
-2138.561523
-2139.926025
-2141.341309
-2142.780273
-2144.200684
-2145.567627
-2146.844971
-2147.991455
-2148.981201
-2149.783936
-2150.385742
-2150.771240
-2150.938965
-2150.902588
-2150.678955
-2150.278564
-2149.718262
-2149.009766
-2148.178467
-2147.256836
-2146.272217
-2145.247803
-2144.203125
-2143.155762
-2142.128906
-2141.126953
-2140.146973
-2139.199463
-2138.293945
-2137.441895
-2136.639404
-2135.881836
-2135.162598
-2134.490479
-2133.871582
-2133.317139
-2132.825439
-2132.405762
-2132.072754
-2131.836182
-2131.710938
-2131.708008
-2131.842529
-2132.129150
-2132.572998
-2133.172119
-2133.919922
-2134.791748
-2135.763916
-2136.820312
-2137.949951
-2139.125244
-2140.302979
-2141.437500
-2142.494385
-2143.442871
-2144.261230
-2144.924316
-2145.407715
-2145.708008
-2145.827881
-2145.758545
-2145.494629
-2145.043701
-2144.441162
-2143.732666
-2142.959229
-2142.153320
-2141.337646
-2140.547607
-2139.823975
-2139.198730
-2138.692871
-2138.317627
-2138.073486
-2137.968506
-2137.989746
-2138.108154
-2138.294678
-2138.516602
-2138.756104
-2138.981445
-2139.148438
-2139.222168
-2139.173096
-2138.993408
-2138.678711
-2138.215820
-2137.606445
-2136.866943
-2136.005615
-2135.046387
-2134.010010
-2132.932861
-2131.854980
-2130.809326
-2129.831055
-2128.941406
-2128.151123
-2127.479980
-2126.941895
-2126.547607
-2126.312256
-2126.228760
-2126.282959
-2126.445801
-2126.693848
-2127.002197
-2127.336914
-2127.671875
-2127.992676
-2128.282471
-2128.521240
-2128.699219
-2128.806396
-2128.837646
-2128.807861
-2128.746826
-2128.674561
-2128.602295
-2128.548096
-2128.531738
-2128.574951
-2128.701904
-2128.929688
-2129.263672
-2129.705566
-2130.252441
-2130.900635
-2131.631104
-2132.425049
-2133.264160
-2134.134033
-2135.022461
-2135.901367
-2136.737549
-2137.512207
-2138.208496
-2138.810791
-2139.322510
-2139.739990
-2140.061035
-2140.290283
-2140.450195
-2140.559082
-2140.628174
-2140.679199
-2140.741943
-2140.832275
-2140.959229
-2141.134277
-2141.362549
-2141.639160
-2141.954590
-2142.309570
-2142.680176
-2143.051270
-2143.404297
-2143.720947
-2143.971924
-2144.131348
-2144.187012
-2144.116943
-2143.904785
-2143.548828
-2143.060059
-2142.428223
-2141.662354
-2140.780273
-2139.808105
-2138.777344
-2137.709229
-2136.627686
-2135.562012
-2134.542969
-2133.599609
-2132.758057
-2132.030518
-2131.429932
-2130.967773
-2130.646240
-2130.459717
-2130.388184
-2130.428467
-2130.577881
-2130.812256
-2131.115967
-2131.469727
-2131.849365
-2132.235596
-2132.622559
-2133.008057
-2133.376709
-2133.721191
-2134.052490
-2134.382812
-2134.714844
-2135.057373
-2135.417480
-2135.801270
-2136.213867
-2136.657715
-2137.140381
-2137.658936
-2138.219727
-2138.812744
-2139.419678
-2140.017334
-2140.601807
-2141.159668
-2141.682373
-2142.154297
-2142.558350
-2142.892090
-2143.128174
-2143.266357
-2143.307617
-2143.262939
-2143.138672
-2142.945801
-2142.696777
-2142.421387
-2142.138672
-2141.875000
-2141.657227
-2141.503662
-2141.443604
-2141.482666
-2141.621338
-2141.864746
-2142.213135
-2142.659912
-2143.189941
-2143.777588
-2144.404297
-2145.042236
-2145.673828
-2146.273682
-2146.820068
-2147.292480
-2147.670898
-2147.941895
-2148.097412
-2148.135986
-2148.047363
-2147.833008
-2147.502441
-2147.078369
-2146.578369
-2146.018066
-2145.421631
-2144.813232
-2144.213135
-2143.634766
-2143.099609
-2142.625488
-2142.223877
-2141.896240
-2141.640625
-2141.441650
-2141.283691
-2141.159180
-2141.058594
-2140.968750
-2140.876221
-2140.770996
-2140.644287
-2140.488525
-2140.297852
-2140.076660
-2139.826660
-2139.553955
-2139.269775
-2138.990479
-2138.725586
-2138.485107
-2138.287598
-2138.146240
-2138.062744
-2138.041504
-2138.093750
-2138.213623
-2138.395020
-2138.643555
-2138.956543
-2139.307617
-2139.682373
-2140.064697
-2140.436768
-2140.774902
-2141.062256
-2141.279541
-2141.415039
-2141.478027
-2141.472412
-2141.392822
-2141.242432
-2141.036865
-2140.797363
-2140.548828
-2140.313232
-2140.111572
-2139.968018
-2139.899902
-2139.916748
-2140.023682
-2140.220703
-2140.508057
-2140.872314
-2141.309326
-2141.798828
-2142.308838
-2142.810547
-2143.279785
-2143.688721
-2144.007568
-2144.217285
-2144.289062
-2144.202637
-2143.937500
-2143.493652
-2142.879395
-2142.091064
-2141.139893
-2140.044189
-2138.831787
-2137.534180
-2136.191162
-2134.832031
-2133.493408
-2132.218994
-2131.044922
-2129.988525
-2129.054199
-2128.262695
-2127.623291
-2127.133301
-2126.785645
-2126.571045
-2126.473145
-2126.488281
-2126.598633
-2126.777100
-2127.007812
-2127.276855
-2127.570801
-2127.872559
-2128.175293
-2128.485840
-2128.802734
-2129.134277
-2129.489502
-2129.872803
-2130.292969
-2130.754639
-2131.262939
-2131.826904
-2132.452881
-2133.145996
-2133.912354
-2134.737061
-2135.617432
-2136.531250
-2137.454834
-2138.356445
-2139.203369
-2139.983398
-2140.674316
-2141.258057
-2141.715088
-2142.030029
-2142.191406
-2142.200195
-2142.051270
-2141.745605
-2141.303955
-2140.754639
-2140.130371
-2139.451172
-2138.734131
-2138.002441
-2137.277588
-2136.577637
-2135.914551
-2135.297119
-2134.740234
-2134.247070
-2133.807861
-2133.411865
-2133.033203
-2132.645752
-2132.238037
-2131.788330
-2131.273682
-2130.675781
-2129.981689
-2129.189453
-2128.285156
-2127.269531
-2126.146729
-2124.922363
-2123.618652
-2122.271973
-2120.914307
-2119.582031
-2118.311279
-2117.142578
-2116.106445
-2115.219482
-2114.517822
-2114.023438
-2113.752441
-2113.704834
-2113.892334
-2114.307617
-2114.930664
-2115.739014
-2116.713379
-2117.825684
-2119.036621
-2120.317871
-2121.635986
-2122.970459
-2124.300293
-2125.609619
-2126.872803
-2128.070068
-2129.196533
-2130.257080
-2131.254639
-2132.195068
-2133.099121
-2133.980713
-2134.843994
-2135.682617
-2136.508789
-2137.333496
-2138.158936
-2138.980713
-2139.798096
-2140.595703
-2141.360840
-2142.086426
-2142.757812
-2143.358398
-2143.867676
-2144.274170
-2144.560547
-2144.717529
-2144.745605
-2144.647217
-2144.420410
-2144.075439
-2143.634521
-2143.119873
-2142.556152
-2141.976807
-2141.412354
-2140.884766
-2140.411865
-2140.017578
-2139.725830
-2139.554932
-2139.517090
-2139.612549
-2139.835693
-2140.158936
-2140.562012
-2141.013428
-2141.501953
-2142.014893
-2142.531494
-2143.028076
-2143.470459
-2143.832520
-2144.102051
-2144.274658
-2144.341797
-2144.314453
-2144.200928
-2144.021973
-2143.793457
-2143.538086
-2143.288574
-2143.061523
-2142.883789
-2142.786621
-2142.794922
-2142.919678
-2143.162598
-2143.517578
-2143.980713
-2144.537109
-2145.169434
-2145.849365
-2146.542725
-2147.220459
-2147.850342
-2148.396973
-2148.829590
-2149.127441
-2149.274414
-2149.249756
-2149.042725
-2148.650146
-2148.070801
-2147.324463
-2146.438477
-2145.443604
-2144.363525
-2143.233643
-2142.073242
-2140.912109
-2139.788330
-2138.743408
-2137.812012
-2137.009277
-2136.356445
-2135.849609
-2135.475098
-2135.219482
-2135.091553
-2135.079102
-2135.176758
-2135.364258
-2135.615479
-2135.911865
-2136.224609
-2136.545166
-2136.855469
-2137.145752
-2137.419922
-2137.687744
-2137.943604
-2138.186279
-2138.413330
-2138.629639
-2138.845459
-2139.065186
-2139.300781
-2139.552979
-2139.816650
-2140.089600
-2140.367188
-2140.634521
-2140.881592
-2141.095215
-2141.271729
-2141.393799
-2141.440430
-2141.398926
-2141.257812
-2141.013672
-2140.681396
-2140.273438
-2139.798828
-2139.274170
-2138.714600
-2138.152344
-2137.608887
-2137.120117
-2136.712646
-2136.409180
-2136.223877
-2136.182861
-2136.302002
-2136.588135
-2137.035645
-2137.637451
-2138.388428
-2139.257080
-2140.214111
-2141.225098
-2142.266602
-2143.305176
-2144.311523
-2145.239990
-2146.040771
-2146.679443
-2147.140137
-2147.406494
-2147.456299
-2147.288818
-2146.911133
-2146.341064
-2145.597412
-2144.703125
-2143.679688
-2142.552979
-2141.356201
-2140.134277
-2138.924316
-2137.757812
-2136.672607
-2135.696777
-2134.852539
-2134.141113
-2133.567627
-2133.140625
-2132.875244
-2132.776855
-2132.843994
-2133.058105
-2133.399170
-2133.852295
-2134.394287
-2135.014160
-2135.697998
-2136.439453
-2137.225586
-2138.043701
-2138.885986
-2139.745850
-2140.609863
-2141.466064
-2142.304932
-2143.125977
-2143.922852
-2144.687500
-2145.399170
-2146.041748
-2146.605713
-2147.078613
-2147.440918
-2147.670654
-2147.768555
-2147.736084
-2147.568604
-2147.255859
-2146.800537
-2146.200684
-2145.474121
-2144.636719
-2143.698242
-2142.677734
-2141.603760
-2140.521973
-2139.465088
-2138.460693
-2137.532715
-2136.704590
-2135.995361
-2135.420166
-2134.993408
-2134.727539
-2134.632080
-2134.712646
-2134.960205
-2135.348145
-2135.854980
-2136.455811
-2137.129639
-2137.844971
-2138.575928
-2139.301270
-2139.996826
-2140.642334
-2141.223633
-2141.725098
-2142.135010
-2142.447754
-2142.660889
-2142.777344
-2142.806885
-2142.763184
-2142.659912
-2142.515137
-2142.331299
-2142.117188
-2141.885254
-2141.639160
-2141.369629
-2141.079346
-2140.768799
-2140.434814
-2140.067627
-2139.660400
-2139.208252
-2138.691895
-2138.114502
-2137.470703
-2136.755859
-2135.978271
-2135.160400
-2134.312256
-2133.442871
-2132.572998
-2131.731201
-2130.953125
-2130.266846
-2129.695801
-2129.259766
-2128.977295
-2128.862549
-2128.926758
-2129.170166
-2129.593994
-2130.191406
-2130.950684
-2131.854004
-2132.866455
-2133.962891
-2135.115479
-2136.297607
-2137.474365
-2138.607666
-2139.652344
-2140.582764
-2141.385254
-2142.040283
-2142.532715
-2142.854736
-2143.015869
-2143.027832
-2142.910156
-2142.679443
-2142.356445
-2141.967285
-2141.551758
-2141.138428
-2140.754639
-2140.428223
-2140.177246
-2140.001953
-2139.904297
-2139.876465
-2139.914062
-2140.010254
-2140.165283
-2140.381348
-2140.640381
-2140.922852
-2141.205322
-2141.472168
-2141.713379
-2141.926270
-2142.098145
-2142.219971
-2142.286621
-2142.310303
-2142.298828
-2142.257324
-2142.192871
-2142.110107
-2142.011475
-2141.899170
-2141.782959
-2141.675293
-2141.586914
-2141.519775
-2141.479248
-2141.457520
-2141.437500
-2141.399170
-2141.329346
-2141.233643
-2141.108887
-2140.947510
-2140.736328
-2140.466309
-2140.137451
-2139.756836
-2139.333984
-2138.874756
-2138.399658
-2137.940674
-2137.529785
-2137.179932
-2136.902100
-2136.723145
-2136.662354
-2136.736816
-2136.959961
-2137.336670
-2137.867920
-2138.541504
-2139.347412
-2140.256348
-2141.232910
-2142.250732
-2143.294678
-2144.328369
-2145.319092
-2146.234863
-2147.045898
-2147.736816
-2148.280762
-2148.662109
-2148.863037
-2148.883301
-2148.731445
-2148.421631
-2147.969727
-2147.409424
-2146.772705
-2146.086426
-2145.373779
-2144.651367
-2143.948486
-2143.286621
-2142.686523
-2142.159424
-2141.728271
-2141.401367
-2141.168213
-2141.005859
-2140.897217
-2140.840332
-2140.823975
-2140.832031
-2140.842773
-2140.835693
-2140.802490
-2140.730225
-2140.599365
-2140.398926
-2140.126953
-2139.796631
-2139.409912
-2138.966553
-2138.468994
-2137.931152
-2137.365723
-2136.798340
-2136.241455
-2135.705078
-2135.189941
-2134.694580
-2134.230469
-2133.790039
-2133.370361
-2132.952393
-2132.527344
-2132.081055
-2131.610107
-2131.107422
-2130.568359
-2129.993652
-2129.385010
-2128.744629
-2128.068848
-2127.362793
-2126.640869
-2125.934082
-2125.271973
-2124.684326
-2124.181641
-2123.782227
-2123.495361
-2123.331543
-2123.302002
-2123.408691
-2123.655762
-2124.047363
-2124.579590
-2125.234863
-2125.984131
-2126.790771
-2127.632324
-2128.477539
-2129.305664
-2130.092285
-2130.811035
-2131.440674
-2131.964355
-2132.368896
-2132.653320
-2132.819824
-2132.884033
-2132.867676
-2132.786377
-2132.662354
-2132.503418
-2132.333008
-2132.176270
-2132.067383
-2132.024658
-2132.061768
-2132.171143
-2132.351074
-2132.607178
-2132.937988
-2133.340332
-2133.784424
-2134.261475
-2134.748047
-2135.222168
-2135.659912
-2136.044434
-2136.362305
-2136.616455
-2136.803711
-2136.913330
-2136.936035
-2136.866455
-2136.734863
-2136.561523
-2136.374512
-2136.192383
-2136.035889
-2135.919189
-2135.847168
-2135.820557
-2135.843750
-2135.915771
-2136.031006
-2136.197266
-2136.403809
-2136.632568
-2136.853027
-2137.041992
-2137.182861
-2137.268799
-2137.295654
-2137.260010
-2137.151123
-2136.968262
-2136.720947
-2136.421387
-2136.085693
-2135.740234
-2135.419189
-2135.157715
-2134.985596
-2134.917969
-2134.975342
-2135.164551
-2135.514648
-2136.040039
-2136.742188
-2137.602295
-2138.600586
-2139.713379
-2140.900635
-2142.125000
-2143.337891
-2144.499512
-2145.570557
-2146.523682
-2147.319336
-2147.921387
-2148.306885
-2148.467529
-2148.397217
-2148.095459
-2147.573975
-2146.851074
-2145.969238
-2144.977783
-2143.919189
-2142.840088
-2141.782471
-2140.787842
-2139.900879
-2139.156982
-2138.588135
-2138.204346
-2138.018066
-2138.041260
-2138.262695
-2138.658447
-2139.200439
-2139.861816
-2140.613281
-2141.427734
-2142.264893
-2143.083984
-2143.842285
-2144.516846
-2145.085205
-2145.524414
-2145.812256
-2145.934326
-2145.898438
-2145.711426
-2145.383057
-2144.914062
-2144.322021
-2143.626221
-2142.854492
-2142.026611
-2141.162842
-2140.275879
-2139.382812
-2138.507568
-2137.661621
-2136.839111
-2136.032471
-2135.247803
-2134.479980
-2133.728760
-2132.990967
-2132.266602
-2131.557617
-2130.874512
-2130.224609
-2129.605469
-2129.008789
-2128.453369
-2127.960938
-2127.549316
-2127.236328
-2127.024658
-2126.921631
-2126.931396
-2127.059570
-2127.301514
-2127.653564
-2128.103027
-2128.642334
-2129.259521
-2129.924072
-2130.609131
-2131.281250
-2131.922852
-2132.511230
-2133.025146
-2133.452148
-2133.777832
-2133.989990
-2134.094971
-2134.101807
-2134.015381
-2133.846680
-2133.621338
-2133.391357
-2133.193604
-2133.066162
-2133.039062
-2133.137939
-2133.399414
-2133.861328
-2134.557373
-2135.508301
-2136.725830
-2138.226318
-2140.018799
-2142.086426
-2144.425537
-2147.021240
-2149.867920
-2152.950928
-2156.246338
-2159.727295
-2163.366699
-2167.135254
-2171.004883
-2174.950195
-2178.927979
-2182.897461
-2186.822021
-2190.667969
-2194.392822
-2197.944092
-2201.266602
-2204.295410
-2206.946777
-2209.151123
-2210.832764
-2211.904297
-2212.286865
-2211.900146
-2210.662842
-2208.491943
-2205.308838
-2201.059326
-2195.703613
-2189.221436
-2181.630859
-2172.960205
-2163.258301
-2152.597900
-2141.086914
-2128.850098
-2116.015381
-2102.745117
-2089.229492
-2075.668945
-2062.266113
-2049.221680
-2036.719116
-2024.931030
-2014.039185
-2004.212646
-1995.596924
-1988.319336
-1982.491333
-1978.184448
-1975.437744
-1974.254883
-1974.620972
-1976.496826
-1979.824585
-1984.527466
-1990.501099
-1997.642822
-2005.828857
-2014.938354
-2024.842407
-2035.407227
-2046.503540
-2058.006348
-2069.793457
-2081.753174
-2093.791260
-2105.818604
-2117.747559
-2129.490723
-2140.964355
-2152.083008
-2162.772949
-2172.974121
-2182.633301
-2191.707031
-2200.153564
-2207.926025
-2214.979004
-2221.268066
-2226.766113
-2231.446045
-2235.294678
-2238.310791
-2240.499023
-2241.874756
-2242.448486
-2242.237793
-2241.275146
-2239.611084
-2237.298096
-2234.413086
-2231.034912
-2227.228027
-2223.054443
-2218.578857
-2213.859131
-2208.952881
-2203.936523
-2198.871094
-2193.798828
-2188.755859
-2183.778809
-2178.885986
-2174.093262
-2169.430664
-2164.920654
-2160.563721
-2156.364990
-2152.334473
-2148.463379
-2144.755371
-2141.221680
-2137.875977
-2134.729492
-2131.787598
-2129.063477
-2126.563721
-2124.293213
-2122.267334
-2120.510010
-2119.029541
-2117.832275
-2116.918945
-2116.283691
-2115.914062
-2115.789795
-2115.892822
-2116.196777
-2116.667480
-2117.280518
-2118.007568
-2118.809326
-2119.649658
-2120.493896
-2121.312500
-2122.080322
-2122.773682
-2123.372070
-2123.872314
-2124.274658
-2124.590332
-2124.821289
-2124.988281
-2125.120117
-2125.243896
-2125.381836
-2125.543945
-2125.746094
-2126.017090
-2126.387207
-2126.871338
-2127.469238
-2128.171387
-2128.981201
-2129.877441
-2130.827148
-2131.793701
-2132.749512
-2133.690674
-2134.597168
-2135.436523
-2136.178223
-2136.797852
-2137.271729
-2137.588867
-2137.733154
-2137.712646
-2137.552490
-2137.279297
-2136.927979
-2136.513428
-2136.053467
-2135.586914
-2135.145508
-2134.761230
-2134.470703
-2134.299561
-2134.264893
-2134.377930
-2134.632324
-2135.018555
-2135.509277
-2136.080566
-2136.722412
-2137.407715
-2138.109375
-2138.794678
-2139.426270
-2139.972900
-2140.404541
-2140.705811
-2140.860596
-2140.858154
-2140.711182
-2140.443359
-2140.067871
-2139.600830
-2139.061768
-2138.474609
-2137.869141
-2137.281982
-2136.750488
-2136.289795
-2135.924561
-2135.681885
-2135.582764
-2135.624023
-2135.790283
-2136.063721
-2136.435303
-2136.881836
-2137.371094
-2137.879639
-2138.380859
-2138.857422
-2139.286377
-2139.643799
-2139.891846
-2140.010742
-2140.006348
-2139.889160
-2139.649658
-2139.294434
-2138.840576
-2138.299805
-2137.698486
-2137.054688
-2136.382080
-2135.694092
-2135.007812
-2134.347900
-2133.726807
-2133.146729
-2132.612061
-2132.124756
-2131.693115
-2131.315430
-2130.974609
-2130.657959
-2130.364990
-2130.099854
-2129.863281
-2129.642090
-2129.427979
-2129.223877
-2129.044189
-2128.904541
-2128.809814
-2128.772705
-2128.802246
-2128.913330
-2129.109619
-2129.385986
-2129.749756
-2130.203125
-2130.740967
-2131.350830
-2132.022217
-2132.729492
-2133.457031
-2134.185303
-2134.905029
-2135.600830
-2136.257812
-2136.859863
-2137.388428
-2137.838623
-2138.206299
-2138.496094
-2138.710205
-2138.876465
-2139.014893
-2139.147705
-2139.293945
-2139.461182
-2139.661865
-2139.913574
-2140.237549
-2140.648926
-2141.156494
-2141.762695
-2142.459473
-2143.226562
-2144.043457
-2144.879639
-2145.698242
-2146.480469
-2147.209473
-2147.859863
-2148.398926
-2148.797607
-2149.041504
-2149.113525
-2149.009766
-2148.734131
-2148.292236
-2147.701660
-2146.982666
-2146.163086
-2145.271240
-2144.337891
-2143.396973
-2142.479980
-2141.604980
-2140.798340
-2140.088623
-2139.485840
-2139.004639
-2138.647705
-2138.416748
-2138.291260
-2138.248535
-2138.274902
-2138.357666
-2138.474121
-2138.617676
-2138.770752
-2138.904297
-2139.010254
-2139.068848
-2139.072754
-2139.022461
-2138.924316
-2138.790771
-2138.645996
-2138.500000
-2138.365967
-2138.248291
-2138.159424
-2138.114746
-2138.117676
-2138.181152
-2138.300781
-2138.468506
-2138.682373
-2138.928711
-2139.169922
-2139.379639
-2139.542236
-2139.642578
-2139.654297
-2139.558838
-2139.339600
-2138.979492
-2138.475098
-2137.834473
-2137.067627
-2136.185303
-2135.209961
-2134.172363
-2133.100342
-2132.024170
-2130.986816
-2130.027344
-2129.175537
-2128.452637
-2127.888916
-2127.498535
-2127.291016
-2127.273438
-2127.451904
-2127.813477
-2128.332764
-2128.981689
-2129.728027
-2130.535645
-2131.376953
-2132.235840
-2133.077148
-2133.862061
-2134.557617
-2135.146729
-2135.609863
-2135.928711
-2136.109863
-2136.170898
-2136.131592
-2136.011963
-2135.834961
-2135.611572
-2135.357666
-2135.112305
-2134.906006
-2134.756592
-2134.676514
-2134.689697
-2134.807617
-2135.018799
-2135.314453
-2135.690674
-2136.137207
-2136.644775
-2137.203857
-2137.795898
-2138.401123
-2139.004150
-2139.595703
-2140.162842
-2140.691406
-2141.187012
-2141.644531
-2142.056641
-2142.417236
-2142.733398
-2143.020996
-2143.275635
-2143.499512
-2143.695312
-2143.866699
-2144.016113
-2144.159912
-2144.293457
-2144.423584
-2144.538574
-2144.639648
-2144.720215
-2144.763672
-2144.768311
-2144.742432
-2144.686279
-2144.597168
-2144.479248
-2144.332031
-2144.166748
-2143.982910
-2143.799561
-2143.625977
-2143.470703
-2143.353271
-2143.289307
-2143.270996
-2143.287598
-2143.346924
-2143.430908
-2143.519043
-2143.596680
-2143.653320
-2143.663818
-2143.604248
-2143.447021
-2143.163330
-2142.718262
-2142.095947
-2141.299072
-2140.308350
-2139.135010
-2137.787598
-2136.276855
-2134.612549
-2132.820801
-2130.930908
-2128.984375
-2127.023438
-2125.106934
-2123.290527
-2121.610107
-2120.108887
-2118.822510
-2117.769775
-2116.958984
-2116.411133
-2116.133545
-2116.131592
-2116.384033
-2116.879639
-2117.580566
-2118.451904
-2119.459717
-2120.574219
-2121.753174
-2122.967285
-2124.186279
-2125.374268
-2126.506836
-2127.549561
-2128.514404
-2129.381592
-2130.148682
-2130.808350
-2131.364502
-2131.830811
-2132.221191
-2132.560059
-2132.868896
-2133.157715
-2133.432373
-2133.717041
-2133.987061
-2134.243164
-2134.493896
-2134.754639
-2135.028809
-2135.288086
-2135.521729
-2135.718262
-2135.863525
-2135.949463
-2135.984131
-2135.962402
-2135.898438
-2135.807129
-2135.696533
-2135.560547
-2135.390137
-2135.212402
-2135.050781
-2134.918457
-2134.845947
-2134.851074
-2134.940186
-2135.116699
-2135.384033
-2135.745605
-2136.191895
-2136.721191
-2137.333252
-2138.012451
-2138.724854
-2139.458496
-2140.175537
-2140.858887
-2141.481689
-2142.035645
-2142.513916
-2142.878174
-2143.124756
-2143.253662
-2143.275391
-2143.203369
-2143.072754
-2142.877930
-2142.637939
-2142.375977
-2142.114258
-2141.864746
-2141.627930
-2141.445068
-2141.334473
-2141.304688
-2141.352051
-2141.469727
-2141.637207
-2141.861328
-2142.128418
-2142.421143
-2142.728516
-2143.033203
-2143.329102
-2143.600586
-2143.821533
-2143.967773
-2144.035645
-2144.031494
-2143.968506
-2143.843750
-2143.675781
-2143.478027
-2143.265137
-2143.057129
-2142.873535
-2142.720947
-2142.624512
-2142.602539
-2142.663818
-2142.814941
-2143.052979
-2143.381836
-2143.781006
-2144.241699
-2144.744385
-2145.270752
-2145.786865
-2146.293945
-2146.769287
-2147.199463
-2147.569824
-2147.862793
-2148.067139
-2148.159912
-2148.161377
-2148.081787
-2147.929443
-2147.713379
-2147.475586
-2147.216309
-2146.947510
-2146.676758
-2146.411133
-2146.156250
-2145.911865
-2145.697754
-2145.498535
-2145.294189
-2145.074951
-2144.835938
-2144.532471
-2144.139404
-2143.637939
-2143.026611
-2142.300537
-2141.444580
-2140.460693
-2139.340088
-2138.086914
-2136.716064
-2135.253174
-2133.715820
-2132.158447
-2130.638672
-2129.213135
-2127.916260
-2126.783447
-2125.858398
-2125.169189
-2124.741943
-2124.607422
-2124.781006
-2125.259277
-2126.035645
-2127.086914
-2128.376709
-2129.842773
-2131.440674
-2133.120117
-2134.833984
-2136.528809
-2138.172607
-2139.715576
-2141.103516
-2142.298096
-2143.272705
-2144.006592
-2144.474854
-2144.690918
-2144.671875
-2144.440674
-2144.013672
-2143.430664
-2142.702637
-2141.862305
-2140.950195
-2140.009277
-2139.070557
-2138.150879
-2137.275635
-2136.459229
-2135.712158
-2135.027832
-2134.414307
-2133.853027
-2133.342041
-2132.870117
-2132.437256
-2132.032959
-2131.641602
-2131.271240
-2130.918945
-2130.575439
-2130.242188
-2129.946777
-2129.706299
-2129.544678
-2129.483887
-2129.539551
-2129.708740
-2129.991211
-2130.392090
-2130.910400
-2131.545654
-2132.313965
-2133.186279
-2134.131348
-2135.116943
-2136.110107
-2137.076172
-2137.966064
-2138.760254
-2139.440918
-2139.985596
-2140.364502
-2140.570312
-2140.572510
-2140.376709
-2139.987793
-2139.417725
-2138.688232
-2137.819580
-2136.866943
-2135.861816
-2134.832031
-2133.811768
-2132.853271
-2131.978027
-2131.223877
-2130.612305
-2130.150146
-2129.835938
-2129.656982
-2129.620850
-2129.707031
-2129.896729
-2130.167236
-2130.497559
-2130.846924
-2131.191162
-2131.507812
-2131.781250
-2132.004883
-2132.166260
-2132.266602
-2132.303467
-2132.277100
-2132.201172
-2132.095459
-2131.978271
-2131.875488
-2131.802490
-2131.766846
-2131.764160
-2131.821533
-2131.962891
-2132.190430
-2132.488281
-2132.869385
-2133.323242
-2133.826416
-2134.353760
-2134.880859
-2135.389160
-2135.856689
-2136.281250
-2136.628906
-2136.873291
-2137.006348
-2137.034180
-2136.944824
-2136.741211
-2136.433105
-2136.049561
-2135.615479
-2135.139404
-2134.645752
-2134.153564
-2133.688965
-2133.267822
-2132.916504
-2132.643066
-2132.458740
-2132.358643
-2132.350098
-2132.428467
-2132.572754
-2132.779541
-2133.036377
-2133.323730
-2133.614014
-2133.893799
-2134.141357
-2134.343994
-2134.482422
-2134.554199
-2134.554688
-2134.471191
-2134.304932
-2134.066406
-2133.772217
-2133.449951
-2133.124023
-2132.799561
-2132.483154
-2132.194092
-2131.959717
-2131.790039
-2131.692871
-2131.680420
-2131.766113
-2131.943848
-2132.210938
-2132.543213
-2132.932373
-2133.384521
-2133.899170
-2134.457031
-2135.032959
-2135.617920
-2136.202637
-2136.783447
-2137.341553
-2137.882812
-2138.395752
-2138.895996
-2139.383789
-2139.858398
-2140.329346
-2140.801758
-2141.282959
-2141.765137
-2142.247803
-2142.710938
-2143.151367
-2143.547852
-2143.902588
-2144.199219
-2144.421143
-2144.555420
-2144.577881
-2144.472656
-2144.224365
-2143.831055
-2143.284912
-2142.596191
-2141.779785
-2140.861328
-2139.848877
-2138.760986
-2137.624512
-2136.474609
-2135.355957
-2134.313477
-2133.386719
-2132.624023
-2132.054443
-2131.697266
-2131.566162
-2131.663086
-2131.994385
-2132.554932
-2133.340576
-2134.322266
-2135.462402
-2136.706787
-2138.020508
-2139.349854
-2140.650146
-2141.880127
-2142.999756
-2143.989990
-2144.812988
-2145.451904
-2145.880371
-2146.092285
-2146.078125
-2145.867676
-2145.475098
-2144.930664
-2144.272705
-2143.542725
-2142.775391
-2141.988770
-2141.231445
-2140.523438
-2139.887695
-2139.338623
-2138.912598
-2138.606201
-2138.410889
-2138.316650
-2138.309082
-2138.369141
-2138.478516
-2138.625977
-2138.783936
-2138.941406
-2139.086670
-2139.220459
-2139.324707
-2139.409180
-2139.488770
-2139.578857
-2139.684570
-2139.824463
-2140.026367
-2140.306885
-2140.676514
-2141.152588
-2141.741943
-2142.439453
-2143.245850
-2144.145996
-2145.129150
-2146.160889
-2147.218750
-2148.266846
-2149.269531
-2150.187988
-2150.988525
-2151.622803
-2152.058594
-2152.273193
-2152.252686
-2152.000488
-2151.503906
-2150.774170
-2149.827637
-2148.687988
-2147.370117
-2145.927979
-2144.402344
-2142.831787
-2141.259766
-2139.732422
-2138.288330
-2136.945312
-2135.743408
-2134.711670
-2133.867188
-2133.204834
-2132.727539
-2132.400635
-2132.213867
-2132.166992
-2132.248779
-2132.436035
-2132.706299
-2133.051270
-2133.443848
-2133.864502
-2134.310547
-2134.794189
-2135.313721
-2135.880615
-2136.495850
-2137.164307
-2137.884277
-2138.668457
-2139.519043
-2140.416260
-2141.346436
-2142.310059
-2143.286377
-2144.257568
-2145.210693
-2146.117188
-2146.948975
-2147.666504
-2148.248779
-2148.657715
-2148.868408
-2148.870850
-2148.677734
-2148.273438
-2147.654053
-2146.827148
-2145.810059
-2144.633057
-2143.319092
-2141.910645
-2140.462646
-2139.031738
-2137.663818
-2136.415527
-2135.297852
-2134.334961
-2133.547607
-2132.951660
-2132.557861
-2132.361572
-2132.378662
-2132.596680
-2132.977051
-2133.479736
-2134.084717
-2134.739258
-2135.416016
-2136.089600
-2136.738281
-2137.331543
-2137.844727
-2138.282959
-2138.631348
-2138.894775
-2139.094238
-2139.250977
-2139.369629
-2139.477783
-2139.605225
-2139.779785
-2140.006836
-2140.304443
-2140.675781
-2141.107910
-2141.586182
-2142.109863
-2142.650146
-2143.179932
-2143.680420
-2144.125000
-2144.483643
-2144.691895
-2144.729248
-2144.584229
-2144.252441
-2143.723633
-2143.013672
-2142.110596
-2141.022461
-2139.760742
-2138.346680
-2136.814209
-2135.195068
-2133.571533
-2131.996826
-2130.504639
-2129.124023
-2127.913818
-2126.911621
-2126.141602
-2125.610840
-2125.334717
-2125.328857
-2125.576172
-2126.058350
-2126.735840
-2127.584961
-2128.579834
-2129.694336
-2130.867432
-2132.046631
-2133.202393
-2134.318848
-2135.382568
-2136.370361
-2137.270508
-2138.072266
-2138.776123
-2139.393555
-2139.931396
-2140.399658
-2140.827637
-2141.240967
-2141.654297
-2142.069824
-2142.498047
-2142.933838
-2143.389160
-2143.867432
-2144.366211
-2144.876953
-2145.381104
-2145.867676
-2146.301270
-2146.646484
-2146.874268
-2146.985596
-2146.966797
-2146.813232
-2146.513428
-2146.067383
-2145.458252
-2144.668457
-2143.723877
-2142.652344
-2141.479492
-2140.220947
-2138.908203
-2137.557617
-2136.187744
-2134.823730
-2133.480713
-2132.169189
-2130.933594
-2129.795410
-2128.741211
-2127.764648
-2126.876953
-2126.106445
-2125.457520
-2124.938232
-2124.546143
-2124.247070
-2124.037598
-2123.936035
-2123.941895
-2124.065918
-2124.313721
-2124.697754
-2125.228271
-2125.902100
-2126.703613
-2127.623535
-2128.659180
-2129.826904
-2131.122559
-2132.528809
-2134.034912
-2135.625488
-2137.293213
-2139.010254
-2140.725586
-2142.403320
-2144.036621
-2145.608398
-2147.085938
-2148.447998
-2149.671143
-2150.730469
-2151.604980
-2152.286133
-2152.762207
-2153.008545
-2153.031250
-2152.862061
-2152.516113
-2152.002197
-2151.341309
-2150.561279
-2149.684570
-2148.732910
-2147.731689
-2146.691162
-2145.636963
-2144.601074
-2143.605713
-2142.629883
-2141.664307
-2140.704346
-2139.751709
-2138.802979
-2137.882080
-2136.999512
-2136.153809
-2135.359375
-2134.623779
-2133.947998
-2133.331299
-2132.778320
-2132.287842
-2131.890381
-2131.620117
-2131.496338
-2131.511475
-2131.678467
-2131.994629
-2132.440918
-2133.001709
-2133.679443
-2134.472412
-2135.376953
-2136.401123
-2137.520264
-2138.681152
-2139.843018
-2140.967773
-2142.015625
-2142.960693
-2143.769531
-2144.418945
-2144.892822
-2145.182373
-2145.288574
-2145.192627
-2144.885254
-2144.389893
-2143.738037
-2142.961914
-2142.095459
-2141.167725
-2140.221436
-2139.284912
-2138.380127
-2137.532227
-2136.761230
-2136.104004
-2135.581543
-2135.203125
-2134.969727
-2134.879395
-2134.917725
-2135.070557
-2135.316162
-2135.628174
-2135.971924
-2136.323975
-2136.663818
-2136.974609
-2137.251465
-2137.485840
-2137.659912
-2137.761719
-2137.792969
-2137.767578
-2137.709229
-2137.647217
-2137.603516
-2137.587891
-2137.617188
-2137.703369
-2137.846924
-2138.042969
-2138.297363
-2138.620361
-2139.017334
-2139.474854
-2139.960449
-2140.454102
-2140.941895
-2141.406006
-2141.819092
-2142.155029
-2142.395020
-2142.533203
-2142.554688
-2142.451416
-2142.208252
-2141.816895
-2141.296875
-2140.666748
-2139.947266
-2139.156982
-2138.316650
-2137.439941
-2136.543701
-2135.644287
-2134.764648
-2133.911621
-2133.094482
-2132.325928
-2131.607666
-2130.929688
-2130.283447
-2129.673340
-2129.101807
-2128.570312
-2128.074463
-2127.609375
-2127.165771
-2126.743164
-2126.355469
-2126.019775
-2125.740234
-2125.537842
-2125.431885
-2125.437744
-2125.562988
-2125.817139
-2126.220703
-2126.776855
-2127.493896
-2128.380127
-2129.419678
-2130.581787
-2131.850586
-2133.206543
-2134.614746
-2136.031982
-2137.422607
-2138.760986
-2140.007324
-2141.133301
-2142.110352
-2142.913086
-2143.521484
-2143.944824
-2144.184082
-2144.235840
-2144.111084
-2143.839355
-2143.458740
-2142.998779
-2142.491699
-2141.971436
-2141.471680
-2141.009766
-2140.616699
-2140.307617
-2140.093994
-2139.985107
-2139.983643
-2140.083008
-2140.256592
-2140.469971
-2140.689453
-2140.886475
-2141.033447
-2141.110352
-2141.088623
-2140.931885
-2140.621338
-2140.153076
-2139.521973
-2138.722168
-2137.768066
-2136.693604
-2135.534912
-2134.331787
-2133.118408
-2131.927979
-2130.793701
-2129.763184
-2128.874756
-2128.144775
-2127.595947
-2127.250244
-2127.113525
-2127.180908
-2127.451416
-2127.900879
-2128.500732
-2129.226074
-2130.043945
-2130.919678
-2131.812256
-2132.695557
-2133.545898
-2134.331055
-2135.024902
-2135.596436
-2136.029297
-2136.315918
-2136.467041
-2136.498047
-2136.438721
-2136.297363
-2136.098877
-2135.861816
-2135.594971
-2135.320068
-2135.052490
-2134.809814
-2134.613281
-2134.485840
-2134.431641
-2134.438232
-2134.488770
-2134.592529
-2134.749756
-2134.946289
-2135.166748
-2135.402588
-2135.664062
-2135.957275
-2136.281494
-2136.627197
-2136.975098
-2137.333008
-2137.723633
-2138.158203
-2138.639404
-2139.182129
-2139.804932
-2140.508545
-2141.280273
-2142.112061
-2142.986816
-2143.877930
-2144.785400
-2145.697510
-2146.581055
-2147.403809
-2148.126221
-2148.718750
-2149.159912
-2149.429199
-2149.511963
-2149.389893
-2149.045166
-2148.487549
-2147.729004
-2146.778809
-2145.644775
-2144.346924
-2142.929932
-2141.423340
-2139.848877
-2138.243408
-2136.645996
-2135.105469
-2133.659668
-2132.336914
-2131.139160
-2130.072754
-2129.156494
-2128.399170
-2127.783936
-2127.302002
-2126.949219
-2126.717041
-2126.579834
-2126.503662
-2126.462158
-2126.437012
-2126.427979
-2126.436279
-2126.453613
-2126.468750
-2126.481445
-2126.499023
-2126.537354
-2126.602539
-2126.707520
-2126.869141
-2127.110596
-2127.437012
-2127.861572
-2128.373047
-2128.968018
-2129.645264
-2130.407227
-2131.251465
-2132.147217
-2133.061279
-2133.966064
-2134.839111
-2135.653564
-2136.395020
-2137.046387
-2137.600830
-2138.045654
-2138.380371
-2138.607178
-2138.727051
-2138.767090
-2138.773193
-2138.789795
-2138.851807
-2138.984131
-2139.224854
-2139.606445
-2140.169189
-2140.951416
-2141.989502
-2143.305420
-2144.911133
-2146.809326
-2148.996338
-2151.463867
-2154.201660
-2157.201660
-2160.451416
-2163.905518
-2167.541016
-2171.322266
-2175.208740
-2179.153320
-2183.115479
-2187.059570
-2190.935059
-2194.696045
-2198.302490
-2201.711426
-2204.866455
-2207.717285
-2210.200195
-2212.265625
-2213.848145
-2214.884277
-2215.307129
-2215.045410
-2214.035645
-2212.213867
-2209.512695
-2205.869141
-2201.232666
-2195.578857
-2188.892334
-2181.170166
-2172.433105
-2162.729492
-2152.124023
-2140.702881
-2128.564209
-2115.826416
-2102.626221
-2089.121338
-2075.488281
-2061.918701
-2048.580322
-2035.667969
-2023.357788
-2011.812500
-2001.193970
-1991.658691
-1983.345337
-1976.363037
-1970.801147
-1966.732422
-1964.201660
-1963.219482
-1963.787109
-1965.863403
-1969.406250
-1974.353149
-1980.632690
-1988.151855
-1996.800903
-2006.472656
-2017.057983
-2028.437988
-2040.484375
-2053.073242
-2066.105469
-2079.456787
-2093.015869
-2106.668701
-2120.303467
-2133.799316
-2147.047363
-2159.947510
-2172.398682
-2184.302490
-2195.574707
-2206.138428
-2215.915771
-2224.822266
-2232.800293
-2239.792236
-2245.747314
-2250.633057
-2254.433838
-2257.142822
-2258.771729
-2259.344971
-2258.897217
-2257.478027
-2255.134033
-2251.965332
-2248.038818
-2243.470947
-2238.357422
-2232.798340
-2226.892822
-2220.740234
-2214.436768
-2208.070557
-2201.720459
-2195.449951
-2189.311279
-2183.356689
-2177.617676
-2172.126709
-2166.901855
-2161.948486
-2157.271484
-2152.869385
-2148.725342
-2144.825684
-2141.154785
-2137.704590
-2134.474365
-2131.449707
-2128.636475
-2126.009277
-2123.585205
-2121.372314
-2119.387939
-2117.646240
-2116.161621
-2114.943359
-2114.003662
-2113.351562
-2112.989014
-2112.910156
-2113.115479
-2113.578125
-2114.293213
-2115.238525
-2116.380615
-2117.680664
-2119.115723
-2120.651123
-2122.248291
-2123.868164
-2125.477539
-2127.054443
-2128.574463
-2130.037842
-2131.394287
-2132.654053
-2133.812988
-2134.876709
-2135.847656
-2136.739014
-2137.566406
-2138.345703
-2139.087891
-2139.799316
-2140.482178
-2141.142090
-2141.764404
-2142.351318
-2142.899170
-2143.399658
-2143.826416
-2144.161865
-2144.388428
-2144.479980
-2144.422363
-2144.203857
-2143.815674
-2143.257324
-2142.556396
-2141.691162
-2140.687744
-2139.549561
-2138.304443
-2136.980713
-2135.615723
-2134.250000
-2132.911377
-2131.625977
-2130.430176
-2129.350586
-2128.415039
-2127.631104
-2126.988525
-2126.516113
-2126.214355
-2126.072266
-2126.075439
-2126.213623
-2126.475586
-2126.843994
-2127.291504
-2127.787842
-2128.310303
-2128.873535
-2129.471191
-2130.091553
-2130.740234
-2131.423096
