4.95030403
5.35263634
6.25764275
7.72438431
9.74991608
12.3496742
15.4742374
19.1066589
23.1893597
27.6609669
32.4980774
37.6375122
43.0071182
48.4822617
53.9190598
59.1910706
64.2161026
68.9367218
73.2852783
77.1612854
80.4787903
83.1451111
85.0995102
86.3175049
86.7742081
86.4726257
85.3989944
83.5558319
80.995842
77.7580719
73.923996
69.5940018
64.8278961
59.702774
54.3299255
48.8304443
43.302475
37.8754807
32.6254349
27.6368275
22.9838085
18.7401714
14.9908886
11.7718964
9.12436295
7.06060219
5.58288956
4.66054249
4.2613163
-0.663754463
-0.621984005
-0.546253681
-0.457976818
-0.374212265
-0.316571712
-0.234163284
-0.162451267
-0.0787243843
0.0288486481
0.102159977
0.149445534
0.131255627
0.0478587151
-0.0371603966
-0.102090359
-0.117654324
-0.132102966
-0.173102856
-0.229407787
-0.309821129
-0.371330738
-0.390143871
-0.386986256
-0.366912842
-0.349439621
-0.331496716
-0.279681206
-0.20364809
-0.0842790604
0.0550780296
0.162861824
0.259800434
0.384662151
0.504394054
0.634245872
0.783629894
0.889625549
1.00464344
1.12099028
1.24069118
1.37575102
1.48866987
1.61473846
1.73361588
1.86758709
2.01545954
2.16817474
2.34367371
2.49294853
2.6553092
2.87079477
3.10316658
3.37809372
3.68507576
3.96632957
4.21211052
4.39590454
4.48442173
4.47727776
4.39413452
4.27845383
4.13197136
3.92299461
3.62621593
3.15242672
2.52708673
1.75565529
0.867443085
-0.0937151909
-1.1436224
-2.2825985
-3.49943781
-4.77253675
-6.09227753
-7.41126394
-8.71236992
-9.95269394
-11.0786648
-12.0921669
-12.9785423
-13.7114515
-14.2887163
-14.6488781
-14.7849398
-14.7212276
-14.4396687
-13.9632397
-13.2902927
-12.402298
-11.3228693
-10.0573769
-8.64683533
-7.08906984
-5.44189501
-3.73307896
-1.93403292
-0.0997977257
1.76802349
3.57777023
5.26007271
6.79983139
8.18515587
9.43337059
10.5306292
11.4888401
12.2807999
12.94907
13.4815788
13.8228226
13.9401798
13.828558
13.5228577
13.0647449
12.5418434
11.9475746
11.2860546
10.5248423
9.6654911
8.73590279
7.76251984
6.78550911
5.80957222
4.85832405
3.94510651
3.08377266
2.25966978
1.434587
0.662966728
-0.0372004509
-0.670059681
-1.20636892
-1.69959021
-2.16860533
-2.59200191
-2.97897291
-3.3063817
-3.56799936
-3.78549767
-3.93372202
-4.06055117
-4.1650691
-4.25840378
-4.3383131
-4.36613512
-4.37243319
-4.33950567
-4.2768836
-4.18537188
-4.04982138
-3.876616
-3.69741011
-3.55311489
-3.4064908
-3.24359083
-3.04756021
-2.83520508
-2.62160778
-2.42029428
-2.24627161
-2.05192232
-1.851933
-1.63212061
-1.39710951
-1.19425488
-1.03106213
-0.892807961
-0.787439823
-0.674386501
-0.543422222
-0.3864851
-0.198566914
-0.000331878662
0.18128109
0.316455841
0.412081718
0.505159855
0.59112072
0.689788818
0.798342705
0.860596657
0.923980713
0.956775665
0.95554781
0.968853474
0.935801506
0.869580746
0.792579651
0.65585041
0.522465706
0.402768612
0.286565304
0.214161396
0.114130974
-0.00498437881
-0.120623589
-0.232851028
-0.288975716
-0.307432175
-0.291865349
-0.235533237
-0.137137413
-0.0130977631
0.112727642
0.216703415
0.308194637
0.413272381
0.538482189
0.702409267
0.869767189
1.01520443
1.11634588
1.14716053
1.14406586
1.12156153
1.08789015
1.05629349
1.01072121
0.926294804
0.76570797
0.550549507
0.32720089
0.135023594
-0.0101385117
-0.106513023
-0.227674007
-0.379251957
-0.530666828
-0.688619614
-0.799935818
-0.887503624
-0.936241627
-0.946997166
-0.961806774
-0.937387943
-0.864032269
-0.787928104
-0.688676834
-0.588747025
-0.522917271
-0.455134869
-0.389572144
-0.306401253
-0.189611912
-0.0706763268
0.0547738075
0.148190022
0.214774609
0.281751156
0.345812798
0.419686317
0.475418091
0.536960602
0.606553555
0.647472382
0.672945499
0.684766769
0.67586422
0.657112598
0.630607128
0.556823254
0.45977354
0.353363991
0.25566721
0.174050808
0.0884337425
0.0109558105
-0.0572681427
-0.109795094
-0.156404972
-0.231812
-0.35469389
-0.47691679
-0.585130692
-0.623420238
-0.58444643
-0.518278122
-0.42981863
-0.361940384
-0.310934544
-0.252524376
-0.174348831
-0.0523014069
0.0758786201
0.172803402
0.239495754
0.271355629
0.293592453
0.339306831
0.379458427
0.384439468
0.368413448
0.299698353
0.220973015
0.143120289
0.0804691315
0.0302248001
-0.0425930023
-0.107778549
-0.195715904
-0.275392532
-0.363536358
-0.442168713
-0.496685028
-0.537753105
-0.558327198
-0.580141544
-0.610304356
-0.644247055
-0.61873579
-0.570130825
-0.487650871
-0.376068115
-0.294116974
-0.211272717
-0.164115429
-0.156342983
-0.125335693
-0.0848493576
-0.0020980835
0.120827198
0.225409031
0.326875687
0.414602757
0.472006321
0.503695488
0.523115635
0.559720516
0.628991604
0.707661629
0.794771671
0.843105316
0.835591793
0.807161331
0.781014442
0.752942562
0.722580433
0.666888237
0.561880589
0.438330173
0.312712669
0.227778912
0.126811028
0.0116829872
-0.125827312
-0.288896561
-0.434371948
-0.564112186
-0.648093224
-0.713098049
-0.744518757
-0.749611855
-0.726043224
-0.701545715
-0.689056396
-0.645570278
-0.570353985
-0.424905777
-0.267976284
-0.145857811
-0.06361866
-0.0358505249
0.0250525475
0.107522488
0.189070702
0.281970024
0.330565929
0.35887146
0.37551403
0.382075787
0.379394054
0.329446793
0.209003448
0.0717353821
-0.049100399
-0.12754631
-0.159990788
-0.202375412
-0.246920109
-0.314647675
-0.358791351
-0.35371685
-0.324537754
-0.278148651
-0.233821869
-0.2228899
-0.227583885
-0.196914673
-0.145692348
-0.0597391129
0.0110650063
0.0827617645
0.150103569
0.202287197
0.27904129
0.336515903
0.374994755
0.396689415
0.404935837
0.397358894
0.386316776
0.364412308
0.355700493
0.366682529
0.362237453
0.345423698
0.2603755
0.157663822
0.10929203
0.0842027664
0.10044241
0.108904839
0.0703654289
0.0339918137
-0.0221590996
-0.0636048317
-0.104086876
-0.182571411
-0.268483639
-0.368066788
-0.463304996
-0.498253345
-0.522725105
-0.534450054
-0.535804272
-0.575701714
-0.582623482
-0.60822773
-0.627457142
-0.617367268
-0.599102974
-0.548663139
-0.488003254
-0.418885708
-0.331028461
-0.237209797
-0.141433239
-0.020857811
0.100785255
0.23951149
0.399168015
0.524744987
0.618534088
0.67010498
0.710912704
0.762334824
0.818866253
0.894286633
0.9153862
0.877763748
0.815914631
0.722765923
0.630428314
0.555742741
0.469159603
0.39881134
0.32564497
0.221594334
0.1197896
-0.023730278
-0.183930874
-0.306111336
-0.413739681
-0.472958088
-0.512955189
-0.572366238
-0.632639408
-0.704347134
-0.741434097
-0.740431786
-0.737179279
-0.71711731
-0.718333721
-0.741364002
-0.729309082
-0.737355232
-0.710921288
-0.662542343
-0.643844128
-0.598642826
-0.566669464
-0.540958881
-0.494343281
-0.440766335
-0.364150047
-0.28280735
-0.233239174
-0.210402012
-0.207961082
-0.23466444
-0.216789246
-0.150839806
-0.0398106575
0.0784134865
0.150111675
0.176613808
0.145727158
0.155888081
0.198391438
0.24420023
0.289036751
0.324943542
0.34288311
0.373500824
0.412236691
0.432098866
0.470977783
0.498206615
0.58529377
0.696311474
0.773183823
0.853157997
0.858052254
0.847464561
0.868857861
0.903768063
0.940400124
0.945385456
0.921260834
0.859071255
0.767589092
0.673733234
0.586603165
0.483252525
0.376127243
0.254667282
0.101666927
-0.0344071388
-0.184827805
-0.340186119
-0.483954906
-0.637212276
-0.743209839
-0.83123064
-0.884644032
-0.887012005
-0.866489887
-0.813584328
-0.730189323
-0.643282413
-0.539194107
-0.447449207
-0.345294952
-0.202305317
-0.0605974197
0.119018078
0.27045536
0.381271362
0.461110592
0.540243626
0.607965469
0.659440994
0.710513592
0.729558468
0.746331692
0.725410461
0.69259119
0.615125656
0.517939568
0.451130867
0.364218712
0.306346416
0.230377674
0.125315189
0.035443306
-0.0414128304
-0.10076189
-0.161478043
-0.203938007
-0.242263794
-0.279771328
-0.310334682
-0.356617451
-0.397411823
-0.438352585
-0.454617977
-0.478907108
-0.504127979
-0.506723404
-0.528594017
-0.524212837
-0.528834343
-0.518344402
-0.483604908
-0.448579788
-0.389513016
-0.329918861
-0.275406361
-0.21724844
-0.165349483
-0.101793766
-0.0144705772
0.0590257645
0.116501331
0.137313366
0.127976894
0.147367954
0.1858325
0.207103252
0.210547447
0.187968731
0.140972614
0.101748943
0.0732684135
0.0434799194
0.000931739807
-0.0552153587
-0.102334976
-0.131678104
-0.13385582
-0.0945110321
-0.0472640991
0.00155115128
0.0478000641
0.084754467
0.145887375
0.204897881
0.268808365
0.324262619
0.365842342
0.396857738
0.433516502
0.467514038
0.48197031
0.458274841
0.403578758
0.342415333
0.253520966
0.199872494
0.130142689
0.039203167
-0.0429825783
-0.143275261
-0.226944923
-0.282347679
-0.334607124
-0.372930527
-0.394852161
-0.415833473
-0.408772945
-0.408117294
-0.386418343
-0.325820446
-0.26023674
-0.175628185
-0.117119789
-0.0866293907
-0.054872036
-0.0184264183
0.0291051865
0.0550484657
0.061404705
0.0537366867
0.0295338631
0.0121741295
-0.00516462326
-0.0399413109
-0.083006382
-0.120479107
-0.153824806
-0.140429974
-0.103946209
-0.0684294701
-0.020406723
0.00809001923
0.0542354584
0.112516403
0.174730778
0.231559277
0.268873692
0.285835743
0.293884277
0.304879665
0.331373692
0.359515667
0.342840672
0.288673878
0.188102722
0.0725231171
-0.0206661224
-0.119074821
-0.211571693
-0.335301876
-0.491917133
-0.62057209
-0.717677593
-0.78622961
-0.812927723
-0.835795403
-0.835066795
-0.788248539
-0.728765488
-0.628550053
-0.536575317
-0.43162632
-0.290672302
-0.133672714
0.0442547798
0.22386837
0.396760464
0.536279202
0.623684883
0.692431927
0.74849081
0.791851044
0.849970818
0.893641949
0.892780304
0.854026794
0.752944946
0.628096104
0.508074284
0.378186226
0.274927616
0.170763493
0.0767021179
0.0141148567
-0.0417094231
-0.0768728256
-0.116039276
-0.163305283
-0.204863071
-0.257907391
-0.29099369
-0.283415794
-0.275603771
-0.266022205
-0.270336628
-0.31778574
-0.355663776
-0.388523102
-0.382373333
-0.355627537
-0.355244637
-0.354311466
-0.390668392
-0.427856922
-0.44658947
-0.462087154
-0.477962017
-0.484524727
-0.47696209
-0.416286945
-0.319047451
-0.221487522
-0.120816708
-0.0705046654
-0.0367593765
0.0230989456
0.109453201
0.237287998
0.373036861
0.474257469
0.54659462
0.567560673
0.563175201
0.564982414
0.560081005
0.568818569
0.586465359
0.573467255
0.545236588
0.498034954
0.431970596
0.360408783
0.28507328
0.259642124
0.24265337
0.230044365
0.213968277
0.15939188
0.10534811
0.0543913841
-0.0013127327
-0.0485515594
-0.0986833572
-0.139497757
-0.130799294
-0.133488178
-0.141017437
-0.160030842
-0.216992855
-0.271729469
-0.338253498
-0.370946884
-0.366211891
-0.362475872
-0.340180397
-0.334914684
-0.344396114
-0.350483418
-0.348326206
-0.333511829
-0.294731617
-0.221665382
-0.109458923
-0.000893115997
0.0563149452
0.0861239433
0.0735898018
0.056427002
0.062628746
0.0696105957
0.0675272942
0.0444846153
-0.00559568405
-0.0725593567
-0.15219593
-0.240661144
-0.274613857
-0.2786026
-0.268731117
-0.237957001
-0.24518919
-0.267386913
-0.304722786
-0.331143856
-0.329194546
-0.29188776
-0.190039635
-0.0703754425
0.0467801094
0.150719166
0.249606609
0.363605022
0.494473934
0.591134548
0.653359413
0.70276165
0.738246918
0.804344654
0.846125603
0.842601299
0.801529408
0.699674129
0.619805336
0.550012112
0.46553278
0.404866219
0.332878113
0.248500824
0.178829193
0.0826530457
-0.0419697762
-0.182221889
-0.315937996
-0.396229267
-0.438824177
-0.451823711
-0.481304646
-0.535428047
-0.579900265
-0.609593391
-0.608372688
-0.572882175
-0.531094551
-0.487558365
-0.410988331
-0.362151623
-0.309921741
-0.257754326
-0.226600647
-0.136467934
-0.0391969681
0.0667109489
0.167330265
0.231940746
0.289203167
0.325359821
0.365135193
0.410917759
0.44045639
0.476881504
0.503775597
0.483236313
0.441755772
0.402952194
0.326253414
0.23593998
0.119906902
0.00835752487
-0.0752568245
-0.152645588
-0.203594685
-0.315610409
-0.4519701
-0.55553627
-0.6487813
-0.688603401
-0.709940434
-0.740273476
-0.728990555
-0.718885422
-0.68734169
-0.616546631
-0.577351093
-0.539429665
-0.479509354
-0.394932747
-0.264391899
-0.113613129
0.0540165901
0.208280563
0.332309246
0.461266994
0.575352669
0.647439003
0.70740366
0.747322083
0.754502773
0.756002903
0.714368343
0.653777599
0.58507061
0.502830982
0.464283466
0.407706261
0.326809406
0.223566532
0.0847034454
-0.0456881523
-0.16780138
-0.289697647
-0.375648022
-0.429302216
-0.460948944
-0.448339462
-0.442970753
-0.450961113
-0.462586403
-0.450555325
-0.409900665
-0.348259926
-0.232640266
-0.109801292
-0.00133657455
0.121767521
0.207454681
0.287225246
0.365306854
0.408238411
0.455487251
0.48860836
0.510247707
0.563314438
0.615055561
0.636185169
0.65482378
0.631278515
0.599952221
0.569351673
0.519461632
0.46003294
0.386462688
0.332168579
0.301805496
0.291086197
0.243402004
0.178593159
0.11417532
0.062666893
0.0737338066
0.0773530006
0.0691628456
0.0411643982
0.00335216522
-0.0124220848
-0.00488519669
0.0263152122
0.0623192787
0.111493587
0.152456284
0.16858387
0.1690135
0.154210091
0.13469696
0.135868073
0.140609264
0.128033161
0.0903282166
0.0356059074
-0.0420022011
-0.146960258
-0.266430378
-0.397174835
-0.552826881
-0.703536987
-0.855203629
-1.02476597
-1.17703962
-1.30486059
-1.4177618
-1.51706743
-1.60842514
-1.69212294
-1.73182583
-1.73794842
-1.69695187
-1.63968754
-1.57893419
-1.47341061
-1.33298063
-1.14994717
-0.955213547
-0.760638714
-0.579118729
-0.361207008
-0.121039391
0.109689236
0.329645157
0.47498703
0.611856461
0.747238159
0.865780354
0.990728855
1.08795404
1.16424084
1.22092438
1.26555729
1.27005529
1.23862934
1.21489286
1.18108368
1.1496253
1.10410357
1.02414894
0.938331127
0.855088711
0.762410641
0.659317017
0.541518688
0.41826582
0.326286793
0.233881474
0.130434036
0.0161099434
-0.127629757
-0.262150288
-0.402905941
-0.557535172
-0.694198608
-0.812104225
-0.910019875
-0.966517925
-1.01411724
-1.06539059
-1.09173012
-1.0859952
-1.04718208
-0.976052284
-0.873013496
-0.765242577
-0.645505905
-0.520932674
-0.402663231
-0.274913788
-0.152344704
-0.00629043579
0.149010658
0.291741848
0.421329975
0.52689743
0.613563538
0.68879652
0.757268906
0.773467541
0.750602245
0.703730583
0.641088486
0.610702991
0.591785431
0.562531948
0.522809505
0.472592354
0.413212776
0.366096973
0.339723587
0.32844305
0.353252411
0.378640652
0.40724659
0.41581583
0.399755478
0.381081581
0.357164383
0.372359753
0.406045437
0.445923328
0.474944592
0.470691681
0.430492401
0.387168407
0.355439186
0.316725254
0.28742218
0.248233795
0.205277443
0.168889523
0.140834332
0.112878799
0.0663805008
0.0308856964
0.0170040131
0.00272464752
-0.0138907433
-0.0352563858
-0.0870947838
-0.12962532
-0.157164574
-0.184257984
-0.194706917
-0.2122159
-0.249211311
-0.313016891
-0.372298717
-0.423397541
-0.471829414
-0.512171745
-0.544845104
-0.574972153
-0.582983494
-0.573604584
-0.582307339
-0.578631878
-0.574463844
-0.545442104
-0.488737106
-0.439692497
-0.352758408
-0.252660751
-0.147482872
-0.0282273293
0.0837054253
0.194543839
0.274642467
0.341038227
0.391908646
0.417247772
0.444025993
0.461037636
0.447288036
0.393253803
0.324322701
0.253525257
0.201321602
0.146886349
0.0823087692
-0.00730276108
-0.131507397
-0.223271847
-0.326103687
-0.45210743
-0.5440588
-0.628068924
-0.689444065
-0.717737675
-0.763978004
-0.787464619
-0.796209812
-0.795802593
-0.762959957
-0.739017963
-0.675922871
-0.564702511
-0.433582306
-0.291347027
-0.140519142
-9.10758972e-05
0.134596348
0.282589436
0.453942299
0.653831959
0.881099224
1.12714863
1.33693838
1.54418325
1.75599337
1.94455099
2.13590765
2.30877447
2.4602952
2.62519884
2.75621271
2.87657118
2.96096754
2.98672962
3.00324678
2.98614407
2.96305323
2.95471144
2.94684744
2.95493507
2.97971821
2.98615122
3.01584816
3.05696297
3.0616951
3.07555199
3.0396924
2.95509005
2.84656
2.67208624
2.44700575
2.15002966
1.7761693
1.32772636
0.765416622
0.0925178528
-0.688699722
-1.58330536
-2.55592442
-3.62393332
-4.78280401
-5.97326803
-7.21706486
-8.46592712
-9.67230225
-10.8366976
-11.8995132
-12.8553028
-13.7003403
-14.4234924
-14.9952908
-15.3485813
-15.4861069
-15.3858557
-15.0195885
-14.4188185
-13.5793018
-12.5313435
-11.3281593
-9.9427042
-8.42265129
-6.77875805
-4.99210548
-3.13590336
-1.22640181
0.714594364
2.63312292
4.50347519
6.31009674
7.9932518
9.53033638
10.8850489
12.0473824
13.0837421
13.9704704
14.7100391
15.3243504
15.7536869
15.9714565
15.9832211
15.8024693
15.4463978
14.9371929
14.3211422
13.6202259
12.8092098
11.906683
10.9083652
9.81353474
8.67438889
7.50159264
6.34738064
5.1981535
4.0277195
2.87603712
1.70881319
0.533463001
-0.584875584
-1.60375118
-2.53107643
-3.34304905
-4.06133461
-4.7202816
-5.31389904
-5.84300852
-6.26845217
-6.58745337
-6.82074308
-6.97877645
-7.06145906
-7.04908276
-6.96707344
-6.80747604
-6.58670759
-6.34598732
-6.05332279
-5.72965479
-5.39868593
-5.03007603
-4.6245985
-4.17975378
-3.69997692
-3.24541616
-2.81283188
-2.39990807
-2.04088593
-1.68527746
-1.33657169
-1.02459908
-0.721746445
-0.456386089
-0.221705437
-0.011428833
0.148329258
0.280823231
0.386771202
0.485269547
0.598288059
0.682656288
0.730215073
0.742070198
0.710098743
0.693039894
0.675629616
0.655014992
0.654344082
0.649532318
0.647808075
0.651366711
0.635019779
0.614344597
0.624273777
0.645510674
0.68911314
0.712842941
0.724447727
0.75219202
0.77212286
0.810240746
0.805151939
0.77448988
0.754126549
0.719106674
0.699016094
0.658155918
0.592609882
0.524793148
0.430355549
0.332091808
0.225338459
0.109912395
0.0211114883
-0.0534729958
-0.129490376
-0.191326618
-0.267248631
-0.334812641
-0.380867004
-0.431692123
-0.430438519
-0.404613495
-0.362268448
-0.28408432
-0.20014143
-0.122209549
-0.0551543236
0.00141429901
0.0681610107
0.163639545
0.274868488
0.406703949
0.489248753
0.525723934
0.545898438
0.523672104
0.508833408
0.476826191
0.42112875
0.364608288
0.273070812
0.160169601
0.0416283607
-0.0868210793
-0.197906017
-0.279029369
-0.354519367
-0.417947769
-0.487163067
-0.558786869
-0.605215549
-0.648326397
-0.643531799
-0.610889435
-0.578225613
-0.529808998
-0.476427555
-0.378496647
-0.252109528
-0.118496895
0.0237102509
0.144626141
0.240189075
0.351644993
0.465498924
0.557373047
0.651627064
0.714689732
0.745378494
0.774274349
0.814822197
0.861748695
0.872744083
0.844426632
0.778187275
0.691753387
0.613520145
0.538853168
0.449473858
0.357775688
0.262556553
0.159343719
0.0507621765
-0.069319725
-0.178159237
-0.298382759
-0.410801411
-0.517700195
-0.634734154
-0.714797974
-0.768323421
-0.811365128
-0.845045567
-0.885861874
-0.927530289
-0.930192471
-0.897099495
-0.809326172
-0.67065382
-0.534042835
-0.392201424
-0.262583733
-0.152172089
-0.0415673256
0.0655322075
0.172676563
0.246359825
0.290596962
0.334502697
0.365571022
0.396835804
0.441139698
0.44306469
0.378340721
0.304610252
0.210155487
0.138661861
0.107528687
0.0489516258
-0.0327563286
-0.125193596
-0.209917068
-0.252374172
-0.235432625
-0.185130119
-0.102923393
0.00526332855
0.105024815
0.196684361
0.272885323
0.362812996
0.470776558
0.57213068
0.647195816
0.703342438
0.737960339
0.751746178
0.775554657
0.762430668
0.689790726
0.583920479
0.450389862
0.315070629
0.174639702
0.0100402832
-0.16012001
-0.343274593
-0.525833607
-0.655488491
-0.790513039
-0.931155682
-1.01811552
-1.06961775
-1.05544138
-1.00205374
-0.919059753
-0.799563885
-0.687175751
-0.551805019
-0.421828747
-0.307537079
-0.184417248
-0.0374898911
0.113056183
0.239252567
0.3519454
0.43589592
0.50488615
0.562024117
0.602203846
0.612026215
0.600571632
0.57372427
0.540270329
0.494009018
0.424460411
0.346588135
0.268371105
0.201207638
0.140022278
0.0947494507
0.0572109222
0.0399837494
0.0368251801
0.0194616318
0.00885438919
-0.0192432404
-0.0424656868
-0.0426836014
-0.0455327034
-0.0402312279
-0.0612134933
-0.0975875854
-0.154840946
-0.212931633
-0.280044556
-0.348987103
-0.428275585
-0.490985394
-0.507790565
-0.53260994
-0.517960072
-0.521136761
-0.522155285
-0.489379406
-0.452856064
-0.38038826
-0.308635235
-0.212556362
-0.114700794
-0.0310506821
0.0695867538
0.163651466
0.267095089
0.375303268
0.490653515
0.573363304
0.647313118
0.675486565
0.683596611
0.679383278
0.626054764
0.577772141
0.503261089
0.422737598
0.365553856
0.299756527
0.205079556
0.105670452
-0.00534200668
-0.112575054
-0.185360432
-0.23481226
-0.238844395
-0.226192474
-0.221066475
-0.204649925
-0.205859184
-0.203505516
-0.173653603
-0.130100727
-0.0904593468
-0.0423536301
-0.00757646561
0.00907373428
0.017036438
0.0143818855
0.00509881973
-0.0157136917
-0.028429985
-0.0690331459
-0.106621742
-0.140253067
-0.19837141
-0.222429276
-0.251278877
-0.289392471
-0.343437195
-0.403717995
-0.437096119
-0.457507133
-0.442417145
-0.41843462
-0.396387577
-0.394873142
-0.367712975
-0.356221676
-0.348875046
-0.328787804
-0.331437588
-0.312572479
-0.32175827
-0.328611374
-0.327290058
-0.324309349
-0.285855293
-0.215386868
-0.155707836
-0.131351471
-0.116907597
-0.107412815
-0.0786981583
-0.0328831673
0.0247325897
0.0865569115
0.140741348
0.228989124
0.304840088
0.361166477
0.399080753
0.408149719
0.416188717
0.403308392
0.376963615
0.339973927
0.280892372
0.214975357
0.157212734
0.103917599
0.0532746315
0.0151462555
-0.0401573181
-0.0950946808
-0.156562328
-0.214078903
-0.225200653
-0.199641228
-0.125856876
-0.0429110527
0.0368309021
0.0965723991
0.155690193
0.206040859
0.266767502
0.323787689
0.363550186
0.410508633
0.432200432
0.461876392
0.469896793
0.472531796
0.458198071
0.406039715
0.321461678
0.195542336
0.0524215698
-0.0863342285
-0.175039291
-0.209029675
-0.209857941
-0.204325676
-0.219005585
-0.227300167
-0.202344894
-0.13836813
-0.0550460815
0.0372076035
0.109895706
0.157588005
0.237473011
0.314350605
0.400534153
0.504259586
0.580087662
0.637098789
0.675092697
0.678873062
0.629730225
0.545312881
0.428322792
0.318698406
0.217493057
0.112202168
0.0290541649
-0.0570888519
-0.123306751
-0.208713055
-0.305511951
-0.38040781
-0.423043728
-0.408019066
-0.352314949
-0.293804646
-0.237048626
-0.157091141
-0.0760264397
0.00626707077
0.0758018494
0.140124321
0.196334839
0.245984554
0.309072018
0.324068546
0.308723927
0.278884411
0.227852345
0.191185474
0.124542236
0.0195903778
-0.0858592987
-0.188084126
-0.280683041
-0.362772465
-0.464367867
-0.551366806
-0.592112541
-0.60751915
-0.588605404
-0.580115318
-0.559475422
-0.513128281
-0.460290432
-0.385434151
-0.296727657
-0.23651886
-0.186869621
-0.122958183
-0.0497336388
0.0736846924
0.199480534
0.310842514
0.384006023
0.425282478
0.452070236
0.457473755
0.505962372
0.582662582
0.657321453
0.715713978
0.709462643
0.661679268
0.614637852
0.579169273
0.535714626
0.495946884
0.451415062
0.405026913
0.374025822
0.346755505
0.318430901
0.266921997
0.211670876
0.129265785
0.0204033852
-0.0798153877
-0.204041958
-0.319534779
-0.412536144
-0.511531353
-0.599821568
-0.666188717
-0.710955143
-0.721119881
-0.7425704
-0.771068573
-0.773801327
-0.765825272
-0.707960606
-0.648825169
-0.625420094
-0.607275963
-0.596844196
-0.588539124
-0.542712212
-0.491774082
-0.423253059
-0.334129333
-0.282904148
-0.225405693
-0.162814617
-0.108969688
-0.0474948883
0.00401973724
0.0500106812
0.0743923187
0.0806918144
0.0941610336
0.0746693611
0.0650014877
0.0733661652
0.0786237717
0.102647305
0.15064621
0.199498653
0.23984766
0.277079582
0.303396702
0.342828751
0.370480537
0.393518448
0.429933548
0.459983349
0.502088547
0.537193775
0.556256294
0.580744743
0.581570625
0.590034008
0.592024803
0.578147888
0.552345276
0.507913113
0.458771706
0.38951683
0.302598
0.223178387
0.126757145
0.0298981667
-0.0353474617
-0.123981953
-0.215130329
-0.306979656
-0.395980835
-0.455560684
-0.510287762
-0.550372124
-0.572855473
-0.594893456
-0.609652519
-0.590231419
-0.569590569
-0.535072327
-0.46850729
-0.419901371
-0.364335537
-0.321954727
-0.268141747
-0.191507339
-0.109551907
-0.00361871719
0.084107399
0.140236855
0.177688599
0.213490009
0.237208843
0.25763607
0.24381876
0.20160532
0.147776127
0.062898159
0.0186872482
-0.0345163345
-0.0888781548
-0.124727249
-0.194725037
-0.26674366
-0.352664471
-0.42501688
-0.464715004
-0.460165977
-0.433144569
-0.416718006
-0.410431385
-0.396091461
-0.340385437
-0.247677803
-0.124198437
-0.0269727707
0.0744805336
0.197216988
0.33673048
0.522102833
0.684114456
0.793748379
0.85701704
0.869770527
0.856424332
0.863218307
0.861061573
0.85047245
0.839607716
0.781610012
0.717819691
0.633835793
0.515961647
0.412610531
0.30013752
0.18385601
0.0674829483
-0.0730195045
-0.221763611
-0.369379044
-0.493746758
-0.575470924
-0.659152031
-0.728200912
-0.759427071
-0.783034325
-0.757470131
-0.728732586
-0.707341671
-0.689261913
-0.693729877
-0.663219452
-0.611693382
-0.543088913
-0.457488537
-0.407044888
-0.395648956
-0.389070988
-0.353707314
-0.270086765
-0.178979397
-0.112636566
-0.0668611526
-0.0375146866
0.0239243507
0.116778851
0.202887058
0.269097328
0.286692619
0.296070099
0.319684029
0.354990959
0.419746399
0.493494034
0.534937859
0.546617985
0.528202534
0.469233513
0.411421776
0.362154007
0.326550961
0.311247349
0.267438889
0.220816612
0.152070045
0.0742044449
0.0289769173
-0.00219345093
-0.0116858482
-0.0390791893
-0.0761594772
-0.0782608986
-0.0668530464
-0.0509266853
-0.0113396645
0.00278806686
0.000959396362
0.0298566818
0.0528230667
0.0913844109
0.122953892
0.1576581
0.210658073
0.233968258
0.266775608
0.285128593
0.272624969
0.240031719
0.194577694
0.149096966
0.11556673
0.101486206
0.0883984566
0.0556731224
-0.0225720406
-0.103067875
-0.188807011
-0.257659912
-0.301897049
-0.342664719
-0.367986679
-0.392822266
-0.425087929
-0.461534023
-0.488517284
-0.50521946
-0.482486248
-0.462604046
-0.445900917
-0.441952229
-0.463871956
-0.463419437
-0.463022232
-0.443221569
-0.409488201
-0.371338367
-0.303581715
-0.236604214
-0.147204876
-0.0537309647
0.00925445557
0.091840744
0.182933807
0.252029896
0.332597256
0.394787312
0.435908318
0.506776333
0.573182106
0.62206316
0.655586243
0.632385731
0.608830452
0.577144623
0.52690649
0.488018036
0.422458172
0.366327763
0.329446793
0.270287037
0.180116653
0.0519599915
-0.0831370354
-0.184123993
-0.256486416
-0.277786732
-0.297459602
-0.315560818
-0.290761471
-0.261791229
-0.228448391
-0.158617496
-0.0875792503
-0.0247383118
0.0388154984
0.0551786423
0.0812273026
0.103909016
0.135145664
0.212255001
0.253330231
0.266653061
0.249359608
0.175389767
0.0939364433
0.0192856789
-0.0360598564
-0.0670418739
-0.0934090614
-0.0936574936
-0.102564812
-0.133337975
-0.153414249
-0.172781944
-0.163834572
-0.130143166
-0.117320061
-0.111946583
-0.0835618973
-0.0605039597
0.00516319275
0.0844216347
0.159772396
0.256471157
0.323715687
0.389796257
0.400241852
0.366449356
0.332201481
0.287337303
0.2769804
0.278259754
0.268257141
0.245687008
0.213102341
0.22611475
0.26363945
0.289122105
0.321162224
0.327857018
0.314093113
0.342577934
0.379755497
0.437347412
0.53293705
0.605953217
0.650851727
0.663170338
0.608887672
0.529568195
0.441977024
0.339251041
0.271431923
0.181533813
0.0494084358
-0.10275507
-0.278610229
-0.440974236
-0.60836935
-0.787902832
-0.977089882
-1.15158415
-1.28425503
-1.38045979
-1.46005201
-1.51913691
-1.53928137
-1.55183268
-1.50095701
-1.43222046
-1.35565948
-1.26822186
-1.218606
-1.12829781
-1.03339577
-0.901283264
-0.751456261
-0.614898682
-0.501371861
-0.418868065
-0.337939739
-0.25833559
-0.158658981
-0.0709314346
0.0024895668
0.0441918373
0.0879802704
0.163105011
0.278048992
0.415523529
0.525187969
0.634466648
0.706105232
0.753736973
0.835504532
0.903732777
0.956235886
0.997844696
1.0370822
1.08605289
1.15521002
1.20219374
1.19683886
1.16047525
1.08486795
0.990756989
0.855695248
0.691429138
0.531778336
0.393146038
0.278814316
0.16156292
0.0406012535
-0.062684536
-0.127091408
-0.168716431
-0.174928665
-0.21637249
-0.278539658
-0.339683533
-0.400939465
-0.399164677
-0.390377998
-0.383706093
-0.393205643
-0.44504261
-0.50112915
-0.515552521
-0.526819706
-0.545589924
-0.566991329
-0.623855591
-0.675039291
-0.739281178
-0.786029339
-0.819371223
-0.886837006
-0.921661854
-0.958675861
-0.981264591
-0.963146687
-0.900470257
-0.784136295
-0.662759304
-0.500535965
-0.310787678
-0.105304718
0.102196217
0.283717155
0.422184467
0.521995544
0.64147234
0.766039848
0.901463032
1.02365351
1.12884426
1.22191715
1.25266552
1.25638866
1.20619965
1.12437248
1.04016399
0.93217802
0.810725212
0.683688164
0.534634113
0.410788536
0.303544521
0.189888954
0.124339104
0.0640687943
0.0286235809
0.00948762894
-0.0376486778
-0.063223362
-0.0813145638
-0.080034256
-0.0393509865
0.0101408958
0.0532598495
0.0864539146
0.102973461
0.0967850685
0.0890674591
0.0753803253
0.0666885376
0.0278291702
-0.00449800491
-0.0291900635
-0.0584616661
-0.0581126213
-0.0814218521
-0.130677223
-0.198425293
-0.252861977
-0.283051491
-0.284544468
-0.253576756
-0.221722603
-0.192307949
-0.16723299
-0.117821217
-0.0958247185
-0.0693087578
-0.0405726433
-0.040579319
-0.00872468948
0.0227308273
0.0790462494
0.120375633
0.117997646
0.11360836
0.0874581337
0.0420908928
0.0110321045
-0.0300683975
-0.0724139214
-0.0797171593
-0.111367226
-0.145077705
-0.184121609
-0.211265564
-0.182248116
-0.152336597
-0.102881908
-0.0740532875
-0.0613422394
-0.0481858253
-0.0408520699
-0.0190601349
0.00310659409
0.0472455025
0.0747718811
0.0989627838
0.111896992
0.103051662
0.0705418587
0.00118970871
-0.0574393272
-0.113000393
-0.15754652
-0.182467937
-0.227426052
-0.300848007
-0.392414093
-0.476373672
-0.575324059
-0.655959606
-0.680501938
-0.67619133
-0.643792152
-0.574726582
-0.51308012
-0.464137554
-0.369001865
-0.284404278
-0.198325157
-0.123428345
-0.0526823997
0.060646534
0.193926811
0.33784008
0.48779583
0.616499901
0.784882545
1.02150869
1.26005411
1.53722477
1.80055571
2.04595375
2.34388018
2.66320944
3.03474379
3.42993546
3.79269028
4.15727615
4.5017395
4.83907413
5.18495083
5.47516251
5.6491375
5.74628067
5.73752785
5.63256359
5.4531517
5.17036057
4.79374123
4.25378227
3.56123161
2.71860933
1.72727346
0.661068439
-0.490876198
-1.740973
-3.08178043
-4.47621584
-5.89422512
-7.2994647
-8.67616844
-10.017005
-11.2481937
-12.358839
-13.3094749
-14.0927849
-14.7163725
-15.1693745
-15.4678936
-15.5625467
-15.4512653
-15.1429729
-14.5926895
-13.8415651
-12.8871651
-11.7623825
-10.5323906
-9.17151737
-7.71377468
-6.1515069
-4.45950413
-2.72856617
-0.967964649
0.794035435
2.50882053
4.21857548
5.86172295
7.42875481
8.88730812
10.1754694
11.3245754
12.3702736
13.2748623
14.0348625
14.6472492
15.0574932
15.2896233
15.3429222
15.2453938
14.9878273
14.5832157
14.0502319
13.340868
12.4974651
11.5639534
10.5574112
9.51484299
8.44733524
7.32877064
6.19581032
5.05013847
3.87314987
2.7242465
1.60126638
0.509109497
-0.494187355
-1.41529083
-2.22494888
-2.95467901
-3.6374321
-4.25122499
-4.83876562
-5.33112288
-5.73911953
-6.09896755
-6.37282658
-6.56814909
-6.67699337
-6.68955564
-6.66292191
-6.59377432
-6.47357225
-6.32317305
-6.08760071
-5.81439495
-5.50794077
-5.16374683
-4.80375242
-4.40571833
-3.9725585
-3.51478195
-3.06317186
-2.61195612
-2.19285488
-1.77957201
-1.37436819
-0.982981682
-0.599723339
-0.262833595
0.0419850349
0.274055004
0.471688271
0.643476963
0.77076149
0.892176151
0.950248241
0.960356236
0.947793961
0.908712387
0.886916637
0.89180851
0.891449451
0.874928474
0.829575062
0.749468803
0.675741673
0.594148159
0.52138567
0.477341652
0.431827545
0.421687603
0.412429333
0.387773991
0.368864536
0.332455158
0.3031106
0.271552086
0.220676422
0.174313068
0.143059731
0.121039391
0.141065121
0.157606125
0.169567585
0.17919302
0.170384884
0.190330982
0.210064411
0.22591114
0.247030735
0.286937714
0.345724583
0.424620628
0.481561184
0.508486748
0.514017105
0.501045227
0.506181717
0.494315147
0.486747742
0.490442276
0.462903023
0.427863121
0.345651627
0.266070843
0.214859009
0.154025555
0.10736227
0.0496072769
-0.0437269211
-0.139001846
-0.214633465
-0.288883686
-0.329093456
-0.361766338
-0.368014336
-0.349274635
-0.341202736
-0.312183857
-0.308921814
-0.328398228
-0.330528259
-0.315339088
-0.300244808
-0.307498455
-0.320997238
-0.318864346
-0.27379179
-0.203413486
-0.141124725
-0.135860443
-0.173248768
-0.190886021
-0.166276932
-0.0939860344
0.00841617584
0.119866371
0.229364395
0.324981213
0.421025753
0.496880054
0.561519146
0.659592628
0.751215458
0.826137066
0.881563663
0.877292633
0.84231329
0.797262192
0.711046219
0.63450861
0.537806034
0.397477627
0.209476948
-0.0357685089
-0.265928745
-0.443343639
-0.585170746
-0.693563461
-0.824822426
-0.974861622
-1.07757187
-1.16652584
-1.20428085
-1.21231985
-1.20828629
-1.16051006
-1.07000256
-0.911690712
-0.719584942
-0.527764797
-0.345421314
-0.166679859
0.0269970894
0.225812912
0.402850151
0.508134842
0.579389095
0.617409706
0.638197899
0.672889233
0.665774345
0.647993088
0.62809515
0.563971519
0.497008801
0.428863525
0.356587887
0.306360245
0.260978699
0.223472118
0.183603764
0.180290222
0.201690197
0.200927734
0.205453396
0.21073103
0.207835197
0.232777596
0.236352444
0.217977047
0.224087238
0.248032093
0.309456348
0.343629837
0.305539131
0.200448513
0.051554203
-0.06833601
-0.162495136
-0.248961926
-0.325294495
-0.424098492
-0.501119614
-0.513567924
-0.501114368
-0.513247013
-0.554997921
-0.622793198
-0.669407368
-0.676853657
-0.633631229
-0.562550068
-0.49552536
-0.392555237
-0.293897152
-0.222850323
-0.16245842
-0.0988993645
-0.0432648659
0.026825428
0.092520237
0.13725996
0.186824322
0.2152071
0.259461403
0.285871506
0.284744263
0.298103333
0.306213379
0.331419945
0.358210087
0.372723579
0.385177612
0.396130085
0.400982857
0.398936749
0.37612009
0.340865612
0.317263603
0.303305149
0.29820776
0.267202377
0.21953392
0.150495529
0.0777301788
0.0206255913
-0.0163230896
-0.0338344574
-0.0411715508
-0.023270607
0.00437545776
0.0165877342
-0.0231275558
-0.0817127228
-0.11782217
-0.137291908
-0.103211403
-0.0647506714
-0.0431375504
-0.0184679031
0.00642728806
0.0289011002
0.0183138847
0.00104522705
-0.0244855881
-0.0287566185
-0.0194988251
-0.0245089531
-0.052462101
-0.116366386
-0.197089195
-0.265474796
-0.304936886
-0.349057198
-0.36785841
-0.394799709
-0.461403847
-0.515300274
-0.576011658
-0.612154484
-0.601679802
-0.570831776
-0.521765232
-0.465913773
-0.406538963
-0.345934391
-0.28664875
-0.242837429
-0.196662903
-0.152028084
-0.0903487206
0.0104608536
0.119512558
0.247290134
0.373836994
0.469818115
0.55009222
0.596907616
0.618850708
0.641392708
0.656492233
0.690586567
0.721134663
0.723557472
0.709335804
0.657006741
0.608025551
0.57130909
0.514715672
0.450594425
0.372884274
0.295684338
0.223911762
0.167461395
0.0901517868
-0.0105576515
-0.107861996
-0.191355228
-0.242618561
-0.294872761
-0.342905521
-0.415484428
-0.494473934
-0.542124271
-0.543792725
-0.483250618
-0.429066181
-0.380311012
-0.383477688
-0.421006203
-0.415869236
-0.391305923
-0.346581459
-0.302961826
-0.269457817
-0.239992142
-0.189239502
-0.170166492
-0.190633774
-0.232887745
-0.310943604
-0.339713573
-0.371105194
-0.418298721
-0.472800255
-0.559298515
-0.62818718
-0.667045593
-0.6808815
-0.669662952
-0.670956612
-0.687594414
-0.693640709
-0.696635246
-0.654304028
-0.572885513
-0.475061417
-0.347867489
-0.21890974
-0.0956554413
0.0125818253
0.111685753
0.212836742
0.306427479
0.422437668
0.541659832
0.638816833
0.706594467
0.747084618
0.748324394
0.736008644
0.711956024
0.657788277
0.602599144
0.518753052
0.443281651
0.381755829
0.322177887
0.283613682
0.251943111
0.212104321
0.175515175
0.157380104
0.151581764
0.161192417
0.156132698
0.179575443
0.246608734
0.30571413
0.367059708
0.377167702
0.363162994
0.375250816
0.392538071
0.438021183
0.461231709
0.454567432
0.441893101
0.394263268
0.333482742
0.288989067
0.243375778
0.200839996
0.157780647
0.0893387794
0.0399045944
0.0187683105
0.0192747116
0.0403237343
0.0590701103
0.0693554878
0.0670251846
0.0918216705
0.102561951
0.0907216072
0.0838027
0.0607266426
0.0387191772
0.0230469704
0.0184402466
0.00276422501
-0.0282435417
-0.0763998032
-0.139755726
-0.20864439
-0.286430836
-0.337553978
-0.386825562
-0.456105232
-0.496582985
-0.531782627
-0.56121254
-0.563753605
-0.525375843
-0.459991455
-0.397130966
-0.350076199
-0.300776482
-0.22837162
-0.127758503
-0.00218248367
0.10683918
0.206828594
0.277937412
0.349924088
0.397286892
0.385679245
0.379830837
0.379724026
0.373044968
0.375403881
0.377997875
0.354041576
0.339729309
0.287289619
0.207190514
0.137013435
0.0599517822
0.0357413292
0.0191445351
-0.000893592834
-0.0303649902
-0.0688176155
-0.0787391663
-0.085588932
-0.0869150162
-0.0644330978
-0.0191659927
0.0240530968
0.0884037018
0.153346539
0.160496235
0.163677692
0.15252924
0.145370483
0.154839993
0.155950069
0.164233208
0.146811485
0.154883862
0.155436516
0.137285233
0.0833387375
0.00519227982
-0.060790062
-0.115218639
-0.145152569
-0.203798294
-0.260638237
-0.303071022
-0.323842525
-0.343044281
-0.353488922
-0.372752666
-0.396948338
-0.387663364
-0.38940239
-0.396043777
-0.403811455
-0.408152103
-0.381472111
-0.343934536
-0.318399429
-0.269400597
-0.222189903
-0.192706585
-0.138014793
-0.113903046
-0.100236416
-0.0812239647
-0.0776333809
-0.0423793793
0.00526571274
0.0880093575
0.183286667
0.253628254
0.295095921
0.298353672
0.286831379
0.264486313
0.281738281
0.318081856
0.367822647
0.400519848
0.396590233
0.376546383
0.337065697
0.305599689
0.244592667
0.192278862
0.147567272
0.0941538811
0.0609698296
0.0156059265
-0.0351872444
-0.0858259201
-0.118670464
-0.167218685
-0.238912582
-0.318994999
-0.389778137
-0.433651924
-0.466241837
-0.447328091
-0.428173542
-0.420538902
-0.397704601
-0.389589787
-0.375916004
-0.354786396
-0.295457363
-0.212590694
-0.153113365
-0.113949776
-0.0835871696
-0.0636672974
0.00107431412
0.119276047
0.226224899
0.320537567
0.378595829
0.42072773
0.439677715
0.461897373
0.497394562
0.517567635
0.570950985
0.613584042
0.626842022
0.611866951
0.554667473
0.478580475
0.410832882
0.354707241
0.284816265
0.213868618
0.104130745
-0.0209417343
-0.152226925
-0.300648689
-0.409980774
-0.506008148
-0.594053268
-0.658599377
-0.719409943
-0.758450985
-0.753595829
-0.730728626
-0.689183712
-0.63424921
-0.594110966
-0.526597023
-0.473538399
-0.420173645
-0.337548256
-0.265558243
-0.170340061
-0.100232601
-0.0464258194
-0.0226712227
-0.00187587738
0.0446271896
0.0950431824
0.131326199
0.128427982
0.076230526
-0.0102949142
-0.0469613075
-0.0650792122
-0.0524168015
-0.0183420181
0.0030875206
0.0301318169
0.0624756813
0.0970683098
0.132516384
0.174791813
0.248770714
0.343120575
0.43334198
0.533360958
0.619396687
0.684916019
0.767537594
0.830199242
0.864728451
0.867565155
0.817925453
0.75795269
0.655086994
0.523982048
0.39798069
0.265728474
0.152641296
0.0431842804
-0.0833730698
-0.223263741
-0.369619846
-0.507443905
-0.607121944
-0.701706409
-0.775710583
-0.808754444
-0.834004402
-0.839088917
-0.830788136
-0.784973621
-0.726915836
-0.659964561
-0.589001656
-0.527621746
-0.453473568
-0.342411995
-0.186998367
-0.0342473984
0.11662817
0.226559639
0.321763992
0.413276196
0.480368614
0.577838421
0.651660919
0.704816341
0.773554802
0.817192554
0.845671654
0.849656582
0.82027626
0.7917099
0.748973846
0.691249847
0.629990578
0.523240566
0.401746273
0.295074463
0.153426647
0.00480222702
-0.178236961
-0.356072903
-0.475289822
-0.565841675
-0.615832329
-0.705290318
-0.841665745
-0.972986221
-1.06887484
-1.08811426
-1.0417943
-0.961771965
-0.847441196
-0.724682808
-0.626479149
-0.527734756
-0.423274994
-0.296115875
-0.155073166
-0.0234336853
0.0896544456
0.161730289
0.225158691
0.301861763
0.361268044
0.39509964
0.43832016
0.447025299
0.42956543
0.421426296
0.381028652
0.342135906
0.308147907
0.291352749
0.285374165
0.256930351
0.232536793
0.19891119
0.167414188
0.168856621
0.173661709
0.183954239
0.233823776
0.26926899
0.294427872
0.287605762
0.239591599
0.225120068
0.219362736
0.236084461
0.228591919
0.141819954
0.0162405968
-0.138268471
-0.253065586
-0.312633514
-0.364613533
-0.398202896
-0.44021225
-0.473498821
-0.469145775
-0.444001198
-0.415090084
-0.359000683
-0.270945072
-0.165197372
-0.0506477356
0.0524048805
0.167146206
0.3013978
0.460017681
0.605527401
0.700550079
0.759548664
0.800880909
0.815654755
0.840910912
0.858465672
0.826915264
0.799114704
0.733329296
0.61116457
0.46250391
0.30846405
0.168095112
0.0548977852
-0.0158596039
-0.0676178932
-0.10913372
-0.119242668
-0.119997025
-0.14276123
-0.155614376
-0.146595955
-0.110595703
-0.0543532372
-0.0300307274
-0.0144248009
-0.0074672699
0.00649547577
0.0730576515
0.120804787
0.124177933
0.101194859
0.0538334846
0.0239181519
0.00253200531
-0.0351200104
-0.110473633
-0.22592783
-0.349905014
-0.433133125
-0.495684147
-0.566105843
-0.623923779
-0.699234486
-0.749229431
-0.809008121
-0.883884907
-0.957286835
-1.03229237
-1.05732107
-1.08449221
-1.13966894
-1.21966648
-1.31554604
-1.38845921
-1.42935467
-1.45741892
-1.48342323
-1.48958302
-1.4749589
-1.43556929
-1.35593176
-1.23738337
-1.0629077
-0.843614101
-0.586875439
-0.315110207
-0.0280313492
0.278472424
0.599003315
0.932553291
1.26814985
1.60282946
1.95464516
2.27748919
2.52293205
2.69873714
2.76600599
2.78021336
2.7668047
2.69946289
2.59403324
2.39853382
2.1230917
1.79507113
1.43473721
1.06851196
0.700027466
0.306610584
-0.113220215
-0.529165745
-0.942729473
-1.28794956
-1.58870983
-1.81098557
-1.96566868
-2.10809469
-2.21141386
-2.29100323
-2.3023591
-2.22141266
-2.09164619
-1.93780375
-1.78708458
-1.62564993
-1.44887257
-1.24435091
-1.03939867
-0.849428177
-0.662550449
-0.473860741
-0.286630154
-0.112845421
0.0624423027
0.227360249
0.389192581
0.548835754
0.708028793
0.843862534
0.956282139
1.0495677
1.1221776
1.16260529
1.1936245
1.25281382
1.29514122
1.31765652
1.32523537
1.29149485
1.23537445
1.17653418
1.12409735
1.05261278
0.96238184
0.867629528
0.741267204
0.565734386
0.392098904
0.227594376
0.0916337967
0.0133662224
-0.0843763351
-0.18836832
-0.31466341
-0.442125797
-0.481031895
-0.469337463
-0.426466942
-0.36233139
-0.325158119
-0.278441906
-0.210008144
-0.144351482
-0.0769519806
-0.0320773125
0.00212669373
0.070066452
0.146435738
0.224715233
0.285483837
0.298933029
0.279341221
0.238777161
0.185600758
0.137617588
0.0905823708
0.0418949127
-0.00459098816
-0.0677313805
-0.148407459
-0.242475986
-0.326645851
-0.386362076
-0.432291031
-0.445520401
-0.433851242
-0.432411194
-0.406604767
-0.384335041
-0.369187355
-0.332033634
-0.278339863
-0.196090221
-0.113628387
-0.029665947
0.0657544136
0.127148151
0.18532753
0.226232052
0.227864742
0.233672142
0.250032902
0.267537117
0.294496059
0.301291466
0.295527935
0.285031319
0.263535023
0.261970997
0.226509571
0.180716515
0.139088154
0.0789651871
0.0494933128
0.0406827927
0.0243659019
0.0139694214
-0.0135331154
-0.0642085075
-0.0987405777
-0.141069412
-0.173936367
-0.190532207
-0.221469402
-0.248763561
-0.298460484
-0.362268925
-0.429719925
-0.483178616
-0.510112762
-0.522641659
-0.520020008
-0.520531654
-0.510127544
-0.486254215
-0.439018726
-0.371594906
-0.271939754
-0.148984909
-0.0356183052
0.135232925
0.293832302
0.440728664
0.598245144
0.72612524
0.876316547
1.06508112
1.28298521
1.52677584
1.7826395
1.99639463
2.22437763
2.44628763
2.65778112
2.89745045
3.12220955
3.33511353
3.54118538
3.76972866
3.99148083
4.20632172
4.43069077
4.57633018
4.64601326
4.63863182
4.52272034
4.33969498
4.08795452
3.74591637
3.31777382
2.7954855
2.15548611
1.41593885
0.569648743
-0.403907299
-1.45473289
-2.58495045
-3.80126619
-5.0489707
-6.32030249
-7.59336996
-8.81955624
-10.0022421
-11.1052036
-12.1075745
-12.9732084
-13.6595554
-14.2168427
-14.5916424
-14.8357153
-14.9021893
-14.7284565
-14.3654118
-13.769824
-12.9947777
-12.0799751
-11.0154324
-9.81052971
-8.46678352
-6.95927
-5.35418367
-3.66204262
-1.92987728
-0.176590919
1.61611176
3.38202286
5.1309185
6.80173874
8.38407135
9.87442207
11.2078667
12.4139729
13.4734001
14.3652916
15.1351814
15.7312088
16.1288471
16.3459339
16.3556347
16.1687622
15.8028469
15.2405167
14.4985447
13.6204472
12.5952091
11.4867382
10.3037796
9.0264473
7.69724274
6.33506966
4.96398735
3.62419128
2.3324914
1.06614447
-0.176007748
-1.37069893
-2.42738581
-3.37374258
-4.18357658
-4.86742401
-5.50184822
-6.02146959
-6.43628216
-6.73951674
-6.93472242
-7.0334959
-7.04283476
-6.99870348
-6.91289043
-6.79509783
-6.63592768
-6.40242243
-6.1264782
-5.81732035
-5.46152925
-5.11821127
-4.75371456
-4.34549093
-3.95700645
-3.54738998
-3.12197208
-2.72533464
-2.32553673
-1.94310951
-1.56636
-1.18194485
-0.845126629
-0.534415722
-0.260164261
-0.0300078392
0.196818352
0.399878502
0.573254585
0.735626221
0.852844715
0.935748577
0.997056961
1.02125359
1.04940557
1.06277275
1.05476427
1.01137877
0.970004082
0.949743271
0.914620876
0.862262249
0.822918415
0.781184196
0.741638184
0.760814667
0.769832611
0.760062695
0.753053665
0.724776268
0.689957619
0.638038635
0.592537403
0.538671494
0.480160713
0.419969082
0.343749523
0.251802921
0.160055161
0.0863394737
0.0260772705
0.00291967392
-0.0559630394
-0.1207757
-0.178128242
-0.246551514
-0.253989697
-0.243567467
-0.219721794
-0.196361065
-0.19354105
-0.175574303
-0.154201984
-0.130877972
-0.0888867378
-0.0393271446
0.00954294205
0.0598726273
0.0741090775
0.0885481834
0.114719868
0.150043488
0.203427315
0.206772327
0.176167011
0.133527756
0.0861520767
0.0627131462
0.0532002449
0.0573401451
0.0501246452
0.0176358223
-0.0253300667
-0.0640878677
-0.109392643
-0.146256924
-0.170452118
-0.196338177
-0.196796417
-0.211690903
-0.237215042
-0.274778366
-0.31917572
-0.319105148
-0.279691696
-0.234757423
-0.173824787
-0.135764122
-0.150177002
-0.151222706
-0.164034843
-0.152579784
-0.0868968964
0.00472736359
0.125842571
0.250292778
0.36335659
0.430503368
0.468598843
0.526569843
0.601897717
0.69285059
0.777490616
0.80197525
0.766661644
0.711895943
0.638032436
0.584787846
0.524107933
0.432063103
0.342573166
0.226101398
0.102745533
-0.0132975578
-0.137053967
-0.247251034
-0.363977909
-0.503717899
-0.647131443
-0.757521152
-0.818628311
-0.814940453
-0.780482769
-0.74950552
-0.693308353
-0.611599922
-0.491444111
-0.357663155
-0.199121952
-0.0467143059
0.0827717781
0.22525692
0.336211681
0.414170265
0.494826317
0.559936047
0.604902267
0.658298969
0.687438965
0.680630207
0.638539314
0.547745228
0.436707973
0.308703899
0.190194607
0.0814862251
-0.0246839523
-0.115170002
-0.218636036
-0.320669174
-0.421373367
-0.520400524
-0.585483551
-0.607901573
-0.608662605
-0.577646255
-0.526078701
-0.487028599
-0.415810585
-0.364928246
-0.326756001
-0.280331135
-0.258692741
-0.212450981
-0.175257683
-0.129617691
-0.0660495758
-0.00294780731
0.0581269264
0.101978779
0.128474236
0.160680771
0.205231667
0.243335247
0.276220798
0.289076805
0.307520866
0.338935375
0.378165722
0.422477245
0.463443279
0.51667738
0.571154118
0.589322567
0.574894905
0.525976181
0.455572605
0.376371384
0.295358658
0.229052544
0.164319515
0.0928959846
0.00578689575
-0.120470524
-0.264297009
-0.367275238
-0.45397377
-0.531286716
-0.611388206
-0.697095394
-0.757764339
-0.774150848
-0.742297173
-0.683205128
-0.623659611
-0.58024931
-0.5009799
-0.413602352
-0.290095329
-0.115261078
0.0497431755
0.213966846
0.341791153
0.445140839
0.51211071
0.544202328
0.578450203
0.58175993
0.563948154
0.517385483
0.440186977
0.352621555
0.257753372
0.167718887
0.0686821938
-0.0456662178
-0.167529583
-0.245024681
-0.303369045
-0.363267899
-0.425090313
-0.505984783
-0.54575634
-0.550249577
-0.525261402
-0.47013998
-0.418661118
-0.338411331
-0.228200436
-0.137430668
-0.0634932518
0.0282254219
0.11444521
0.2170825
0.317763329
0.380803108
0.438456535
0.479855061
0.520764351
0.559689045
0.566068172
0.540253639
0.498220921
0.452794075
0.43239212
0.420588493
0.409166813
0.386092663
0.319574356
0.264345169
0.216473103
0.175398827
0.159473896
0.137367725
0.127200603
0.098818779
0.0637216568
0.0352993011
-0.00534677505
-0.039557457
-0.0638976097
-0.0989494324
-0.138767242
-0.180633545
-0.230031013
-0.279142857
-0.350252151
-0.391861439
-0.41024065
-0.433732986
-0.433466434
-0.479985714
-0.543887615
-0.57359314
-0.595738411
-0.593255997
-0.577464581
-0.593518257
-0.582452297
-0.533106327
-0.507234097
-0.468139172
-0.465071678
-0.480326176
-0.459515572
-0.430215836
-0.376644611
-0.333600044
-0.297663689
-0.253168583
-0.213697433
-0.16581583
-0.103530407
-0.0409059525
0.0256929398
0.0998601913
0.163570404
0.248498917
0.309709549
0.351484299
0.364757061
0.326619625
0.324599266
0.307814598
0.285205364
0.258421421
0.188894272
0.123702526
0.058429718
-0.0334539413
-0.126150131
-0.226561546
-0.330513
-0.394677639
-0.464930534
-0.524224758
-0.565368176
-0.602095127
-0.597874165
-0.575105667
-0.493371964
-0.37368679
-0.263704777
-0.117631912
0.0529928207
0.224302292
0.411226749
0.576042175
0.697048187
0.823170185
0.95354414
1.10137081
1.21746588
1.27676582
1.29592228
1.25798941
1.19170427
1.08908415
0.974973679
0.839630604
0.674838066
0.505429268
0.302030087
0.0793814659
-0.137101173
-0.320206165
-0.47649622
-0.594144344
-0.69805479
-0.795165539
-0.872386456
-0.96492672
-1.02926874
-1.03137636
-0.973316193
-0.83384037
-0.663750648
-0.533784866
-0.409426212
-0.282435894
-0.141586304
0.0416193008
0.226263523
0.428161144
0.625746727
0.796900749
0.959818363
1.07558775
1.17188168
1.24724913
1.28903913
1.31466818
1.29034662
1.21027231
1.08586788
0.94402647
0.823153496
0.7169137
0.590522289
0.431526184
0.245842934
0.0555391312
-0.10861969
-0.277638435
-0.453476429
-0.611525059
-0.767846107
-0.91362381
-1.05037737
-1.18115902
-1.27189589
-1.29226017
-1.27297688
-1.22741747
-1.21211576
-1.23617506
-1.24195385
-1.20613766
-1.08608341
-0.913786411
-0.701407909
-0.478294373
-0.297257423
-0.144931793
-0.0322723389
0.0785374641
0.241047382
0.447690964
0.669374943
0.87404108
1.02881765
1.15074587
1.26638079
1.36828327
1.45921755
1.50356054
1.51390553
1.48854923
1.42316103
1.3445611
1.22445059
1.07079649
0.897717476
0.721314907
0.519783497
0.278726578
0.0337815285
-0.199304104
-0.3945508
-0.556379795
-0.69191885
-0.877544403
-1.08118677
-1.24404383
-1.37651491
-1.40884733
-1.36969376
-1.29573154
-1.19123888
-1.09081841
-0.984753609
-0.855724812
-0.710839748
-0.510871887
-0.25893259
-0.0111236572
0.232040882
0.420361042
0.57785368
0.710381031
0.807169914
0.903726578
0.97251749
0.976259232
1.00595903
0.939007282
