2035.75
2039.25
2035.5
2038.75
2042.75
2054.25
2058.5
2060.25
2053.5
2036.75
2030.0
2040.75
2074.75
2116.75
2144.0
2142.75
2119.75
2093.5
2077.25
2067.5
2062.5
2052.75
2037.0
2023.75
2015.25
2018.0
2024.5
2026.25
2029.5
2028.75
2030.5
2044.25
2057.5
2061.5
2059.75
2059.5
2058.0
2066.5
2075.25
2080.5
2078.0
2068.5
2063.0
2057.75
2057.0
2058.75
2062.75
2060.75
2050.0
2043.0
2039.0
2036.0
2040.75
2041.25
2037.0
2036.75
2032.25
2028.25
2028.75
2029.5
2042.0
2057.0
2061.5
2061.5
2053.0
2053.5
2058.0
2064.25
2070.0
2067.25
2062.5
2062.75
2066.0
2070.75
2074.5
2071.25
2067.5
2066.75
2072.75
2083.0
2086.5
2081.25
2077.0
2065.5
2062.25
2070.0
2074.75
2089.5
2107.5
2124.25
2143.5
2158.0
2176.25
2191.75
2209.75
2227.75
2232.0
2226.0
2201.75
2176.75
2168.75
2172.25
2188.0
2211.75
2228.0
2224.5
2196.5
2138.25
2052.75
1970.25
1911.5
1874.25
1858.0
1851.5
1836.0
1817.5
1796.0
1780.5
1778.5
1784.25
1797.0
1810.25
1821.5
1821.75
1814.25
1802.5
1798.25
1818.25
1849.25
1875.75
1896.25
1912.0
1932.5
1969.5
2010.25
2044.5
2074.25
2094.75
2113.0
2129.25
2141.75
2151.25
2163.25
2170.75
2172.75
2180.75
2187.75
2196.25
2195.5
2185.0
2165.25
2145.5
2142.25
2145.5
2155.5
2159.5
2168.25
2174.5
2177.25
2175.5
2158.5
2136.25
2112.5
2102.5
2105.0
2115.0
2120.0
2120.5
2115.75
2110.5
2109.75
2107.75
2099.5
2088.0
2076.75
2066.5
2055.0
2050.75
2046.0
2037.5
2039.0
2037.75
2038.75
2040.5
2031.5
2026.25
2025.0
2027.25
2044.5
2054.75
2058.5
2056.5
2043.25
2035.0
2031.75
2035.0
2044.0
2047.75
2051.5
2052.0
2044.25
2028.0
2011.25
2003.75
2003.25
2016.0
2030.0
2039.25
2036.75
2031.75
2027.75
2033.5
2061.0
2087.5
2103.5
2102.0
2080.75
2057.5
2043.5
2048.75
2070.0
2092.25
2104.75
2096.5
2070.75
2042.25
2020.25
2008.25
2004.0
1999.5
2003.25
2008.0
2011.25
2021.5
2026.75
2031.5
2043.5
2053.0
2063.25
2077.5
2089.5
2106.75
2111.5
2104.0
2093.75
2080.0
2074.5
2075.25
2077.5
2078.5
2077.75
2075.5
2071.5
2055.0
2039.5
2028.5
2023.25
2027.75
2038.25
2048.25
2057.75
2069.25
2077.25
2079.75
2073.5
2060.75
2050.75
2042.5
2029.75
2019.0
2016.25
2027.75
2047.0
2073.0
2083.0
2078.0
2070.5
2054.0
2042.5
2035.75
2034.0
2035.5
2032.5
2032.75
2046.25
2062.25
2080.0
2093.5
2092.0
2085.75
2082.75
2075.5
2072.0
2068.75
2066.5
2060.75
2052.25
2049.0
2048.0
2054.75
2057.75
2066.25
2069.25
2063.25
2056.5
2051.0
2048.5
2051.0
2054.0
2042.0
2029.0
2017.25
2013.5
2017.5
2021.5
2037.25
2061.0
2085.0
2107.0
2114.5
2104.0
2089.75
2078.75
2074.0
2080.25
2088.25
2087.75
2073.75
2048.25
2024.25
2008.75
2007.5
2014.75
2026.75
2035.0
2038.75
2044.25
2055.25
2068.75
2078.5
2080.75
2068.75
2056.25
2048.5
2046.75
2049.5
2048.75
2053.0
2054.25
2053.5
2052.75
2048.5
2043.0
2039.5
2042.25
2043.25
2041.25
2034.0
2032.75
2036.0
2049.5
2076.75
2091.5
2098.0
2093.5
2075.25
2065.75
2061.0
2064.75
2073.0
2074.25
2080.25
2088.25
2095.25
2093.75
2079.5
2060.25
2044.75
2036.0
2040.25
2043.5
2033.75
2024.0
2018.25
2016.0
2024.5
2038.25
2044.0
2048.0
2052.5
2066.5
2076.5
2084.75
2086.0
2075.5
2062.5
2054.75
2056.75
2057.75
2065.0
2070.75
2077.0
2074.5
2062.25
2051.75
2044.0
2054.25
2069.75
2070.0
2060.25
2041.75
2029.5
2026.75
2023.25
2021.75
2021.0
2026.75
2045.75
2073.5
2096.5
2107.75
2093.0
2071.5
2050.5
2036.75
2038.5
2039.0
2042.5
2045.25
2052.25
2061.25
2073.0
2086.75
2092.5
2084.25
2065.75
2048.25
2035.0
2037.0
2044.5
2052.25
2061.25
2062.0
2066.0
2063.25
2060.75
2063.75
2063.0
2065.0
2067.5
2069.5
2071.5
2074.0
2072.25
2067.25
2051.0
2033.75
2027.25
2024.5
2033.25
2046.0
2047.75
2047.75
2039.5
2036.5
2039.5
2040.0
2048.0
2049.0
2044.5
2043.25
2041.75
2045.5
2057.5
2063.5
2075.25
2074.5
2067.75
2070.25
2071.75
2083.75
2096.75
2100.0
2091.5
2069.5
2044.25
2030.25
2030.75
2044.75
2069.75
2084.0
2079.0
2063.0
2041.25
2032.0
2040.0
2062.0
2072.75
2067.0
2058.0
2043.75
2038.75
2045.25
2050.5
2055.75
2060.25
2061.25
2063.75
2056.25
2042.25
2030.75
2022.0
2023.75
2036.5
2043.75
2043.75
2042.0
2043.5
2051.0
2057.5
2064.75
2062.0
2052.75
2048.25
2039.0
2031.25
2027.25
2021.5
2028.0
2042.25
2057.75
2074.25
2082.25
2084.0
2079.5
2066.25
2050.0
2034.75
2018.25
2013.5
2015.75
2031.75
2048.75
2059.75
2068.75
2067.75
2073.75
2078.0
2080.5
2076.0
2074.75
2075.25
2078.0
2082.75
2077.75
2076.5
2071.75
2082.0
2094.5
2092.25
2090.0
2063.5
2041.0
2029.75
2023.25
2023.75
2023.25
2026.5
2023.5
2020.5
2018.25
2023.25
2035.5
2048.0
2059.5
2062.0
2067.75
2075.75
2084.0
2092.0
2090.0
2091.75
2086.5
2080.25
2076.25
2067.25
2060.25
2052.0
2044.75
2041.25
2038.75
2037.5
2046.5
2054.5
2071.0
2085.75
2085.0
2073.75
2060.75
2053.5
2049.75
2057.5
2063.5
2067.75
2068.0
2066.75
2068.25
2070.0
2075.25
2076.0
2066.0
2051.25
2033.0
2023.25
2023.75
2028.5
2034.25
2038.75
2041.75
2042.25
2049.25
2053.75
2058.25
2060.0
2061.75
2062.25
2063.75
2074.25
2075.5
2076.25
2075.0
2070.5
2072.0
2072.0
2072.5
2070.0
2058.75
2045.25
2029.75
2019.0
2020.5
2029.25
2034.5
2038.5
2035.5
2037.5
2045.25
2050.75
2059.25
2063.5
2071.0
2081.25
2094.25
2101.0
2097.5
2086.75
2075.75
2072.0
2071.75
2074.25
2070.25
2057.25
2045.5
2035.25
2036.5
2037.0
2039.0
2038.25
2032.75
2034.5
2042.5
2056.25
2065.5
2064.5
2054.75
2049.0
2047.0
2056.75
2064.5
2064.75
2067.0
2067.75
2072.5
2086.5
2093.5
2089.75
2081.0
2060.0
2045.0
2030.75
2026.0
2030.0
2032.5
2034.75
2031.0
2023.0
2017.25
2022.75
2036.0
2051.0
2067.5
2087.0
2098.0
2104.25
2103.5
2093.25
2083.5
2076.0
2069.5
2072.5
2071.75
2066.25
2061.25
2053.75
2048.25
2046.25
2041.5
2029.5
2018.25
2009.0
2009.0
2015.25
2028.0
2042.0
2048.75
2049.5
2048.0
2043.75
2046.75
2054.0
2065.0
2067.75
2065.5
2066.75
2068.0
2071.5
2072.75
2071.25
2067.75
2079.25
2090.25
2101.75
2094.75
2073.5
2052.0
2031.75
2027.75
2032.5
2040.0
2042.0
2035.5
2026.25
2023.25
2025.75
2042.25
2068.25
2089.25
2102.75
2104.0
2093.75
2081.75
2066.25
2058.75
2051.5
2049.75
2055.25
2051.75
2051.5
2044.5
2036.25
2030.75
2023.0
2023.25
2033.5
2038.5
2042.5
2038.25
2024.0
2020.25
2026.25
2044.5
2069.25
2086.75
2102.25
2100.25
2090.5
2080.5
2065.0
2060.5
2057.0
2058.75
2063.25
2066.5
2065.25
2060.5
2044.75
2026.5
2020.75
2022.25
2035.5
2052.0
2062.25
2067.5
2067.75
2071.5
2079.5
2085.0
2091.5
2096.25
2090.25
2076.25
2063.25
2043.5
2028.5
2022.0
2030.75
2049.0
2063.0
2072.5
2065.0
2051.0
2042.5
2039.5
2033.75
2026.0
2015.25
2017.0
2026.0
2043.75
2069.5
2086.0
2096.0
2098.5
2096.5
2099.75
2097.75
2091.5
2081.5
2059.0
2037.5
2019.25
2005.0
1998.75
2007.25
2024.75
2040.0
2046.25
2047.75
2043.75
2043.5
2051.0
2058.75
2062.25
2064.5
2063.5
2056.75
2049.75
2041.75
2049.75
2064.25
2084.0
2100.0
2095.25
2081.25
2065.25
2055.0
2047.0
2046.5
2054.25
2060.75
2068.5
2072.5
2068.0
2064.75
2063.25
2058.75
2048.0
2044.75
2051.25
2071.25
2085.0
2082.0
2068.0
2043.5
2033.5
2034.25
2034.5
2039.0
2043.25
2045.75
2055.5
2057.0
2055.0
2049.75
2040.75
2042.25
2052.25
2065.5
2070.5
2067.0
2062.25
2054.75
2055.0
2062.75
2063.25
2059.5
2063.5
2067.25
2075.0
2085.5
2082.25
2082.5
2076.0
2070.0
2066.25
2048.75
2036.25
2026.25
2022.25
2029.75
2035.5
2044.25
2058.0
2060.0
2055.5
2050.25
2040.5
2038.75
2044.5
2051.0
2056.75
2056.25
2055.5
2040.5
2022.25
2014.25
2012.75
2031.5
2053.25
2073.75
2096.5
2106.0
2109.75
2113.25
2100.5
2083.5
2069.75
2052.25
2042.5
2039.25
2041.0
2046.75
2050.5
2053.5
2051.5
2046.25
2043.75
2046.5
2049.0
2046.5
2040.5
2030.75
2028.5
2032.5
2048.5
2066.0
2076.0
2079.75
2075.5
2068.0
2062.25
2057.5
2052.5
2050.75
2053.0
2063.5
2071.75
2073.75
2067.0
2062.5
2058.0
2057.25
2060.25
2058.0
2054.75
2059.75
2066.75
2074.0
2081.5
2081.0
2075.5
2066.25
2061.0
2061.75
2065.5
2065.5
2064.5
2056.0
2052.5
2056.25
2057.75
2055.25
2048.25
2046.75
2054.0
2073.0
2080.75
2078.75
2069.0
2058.25
2066.75
2075.75
2081.25
2085.75
2084.0
2081.5
2081.0
2081.0
2078.0
2080.0
2077.0
2061.0
2040.5
2019.0
2008.25
2011.25
2018.25
2018.0
2017.75
2018.25
2020.25
2021.5
2017.75
2014.0
2013.25
2021.25
2032.75
2039.0
2044.5
2052.75
2058.0
2064.5
2069.5
2068.25
2068.25
2067.25
2063.75
2057.25
2045.5
2038.25
2031.75
2030.5
2033.25
2040.25
2051.5
2066.75
2082.5
2087.25
2087.0
2076.25
2066.5
2059.5
2053.75
2055.25
2056.0
2061.5
2070.5
2081.5
2089.25
2084.0
2074.5
2060.25
2048.5
2043.25
2038.75
2037.75
2033.0
2027.0
2020.5
2013.0
2006.75
2013.0
2022.75
2033.0
2048.25
2054.25
2057.5
2055.25
2047.5
2041.75
2042.75
2047.75
2059.75
2070.75
2071.25
2070.25
2069.25
2065.5
2067.75
2071.75
2070.75
2067.5
2061.25
2050.25
2044.5
2038.25
2035.25
2037.75
2032.25
2030.5
2030.25
2032.5
2046.5
2065.75
2075.5
2079.25
2081.5
2080.25
2085.0
2093.75
2094.0
2090.25
2084.75
2071.5
2062.25
2053.75
2046.5
2050.25
2049.5
2047.5
2046.5
2037.25
2028.25
2025.75
2036.0
2057.25
2080.25
2095.25
2098.0
2090.75
2084.5
2089.25
2089.75
2083.5
2071.5
2058.25
2046.0
2045.0
2048.0
2040.5
2037.5
2042.5
2043.5
2048.5
2049.75
2039.75
2037.75
2033.25
2032.25
2039.5
2046.0
2056.0
2060.5
2058.5
2055.5
2053.75
2053.25
2062.75
2077.25
2090.75
2103.5
2100.5
2086.75
2068.5
2053.25
2043.75
2036.5
2036.75
2038.75
2042.25
2042.5
2039.5
2043.0
2048.25
2062.5
2077.5
2080.5
2079.0
2070.5
2057.0
2045.0
2030.75
2017.75
2015.5
2018.5
2023.75
2033.25
2034.25
2038.75
2042.0
2041.25
2047.5
2057.0
2066.75
2071.75
2068.25
2062.0
2055.75
2052.75
2055.0
2050.75
2052.5
2063.75
2078.0
2093.0
2106.75
2119.75
2129.25
2138.0
2151.25
2156.25
2156.75
2154.5
2133.75
2112.75
2093.75
2074.0
2062.75
2054.75
2047.5
2058.0
2077.5
2110.75
2153.0
2184.0
2208.5
2220.25
2224.75
2229.25
2231.0
2229.75
2227.0
2216.25
2209.75
2200.75
2173.5
2137.75
2086.0
2020.5
1957.0
1897.75
1854.0
1821.5
1798.75
1786.25
1774.25
1766.0
1763.5
1763.25
1763.5
1763.5
1762.25
1771.25
1771.5
1773.0
1787.5
1802.25
1834.0
1878.75
1912.75
1932.25
1941.0
1942.5
1947.0
1960.5
1988.5
2024.75
2065.0
2095.75
2115.25
2135.0
2151.0
2167.5
2187.25
2199.0
2204.0
2212.75
2223.25
2234.5
2251.25
2260.0
2253.75
2238.25
2211.0
2191.25
2183.25
2182.5
2197.25
2213.0
2214.0
2207.5
2190.0
2163.5
2135.25
2112.75
2105.5
2101.0
2098.25
2088.25
2064.5
2042.75
2034.0
2035.75
2045.25
2056.0
2065.0
2068.5
2061.5
2044.75
2029.75
2014.25
2008.25
2009.75
2007.5
2008.25
2006.0
2014.5
2023.25
2022.75
2021.5
2017.5
2025.25
2039.0
2052.5
2061.25
2060.0
2062.5
2062.25
2057.5
2051.5
2040.5
2034.0
2029.5
2022.5
2020.75
2023.5
2028.0
2044.25
2057.0
2061.5
2065.25
2057.25
2046.25
2041.5
2041.25
2042.75
2045.25
2047.25
2050.0
2049.0
2050.25
2051.0
2045.5
2052.5
2063.0
2071.25
2080.25
2078.25
2077.25
2074.0
2066.75
2060.0
2057.75
2059.25
2063.5
2067.0
2063.5
2056.5
2045.75
2041.5
2034.0
2027.0
2031.5
2034.0
2041.75
2052.75
2057.5
2062.0
2057.5
2048.25
2040.75
2031.75
2031.0
2040.25
2051.0
2065.75
2081.5
2091.5
2095.5
2089.25
2085.0
2079.25
2077.5
2086.0
2089.5
2082.75
2063.75
2036.75
2009.75
2000.5
2004.0
2018.0
2032.5
2040.25
2048.5
2049.75
2053.0
2059.25
2061.25
2065.0
2059.0
2051.5
2047.75
2044.5
2049.0
2059.0
2065.5
2068.25
2068.0
2055.0
2044.25
2038.25
2043.0
2058.0
2069.75
2075.25
2076.25
2080.75
2086.0
2089.25
2087.5
2078.75
2065.25
2059.0
2060.25
2058.75
2060.25
2052.25
2031.25
2023.75
2032.5
2060.0
2092.5
2110.25
2105.5
2081.25
2052.25
2024.0
2007.0
2002.75
2010.0
2018.0
2021.0
2023.75
2028.0
2032.5
2045.25
2056.5
2063.75
2073.0
2085.5
2097.0
2101.25
2097.25
2085.5
2075.0
2065.75
2067.75
2070.0
2065.25
2059.5
2053.25
2046.0
2036.0
2022.25
2011.25
2000.0
1990.25
1993.75
2003.25
2021.25
2052.75
2082.5
2096.5
2105.25
2107.25
2106.0
2102.75
2093.5
2082.25
2078.25
2078.0
2078.25
2078.75
2070.25
2064.75
2063.25
2060.5
2058.0
2053.0
2049.5
2046.25
2040.25
2027.75
2013.75
2008.75
2006.5
2019.5
2034.75
2043.75
2052.5
2056.0
2062.0
2066.5
2067.0
2067.75
2072.75
2074.25
2084.25
2081.5
2064.25
2055.75
2046.25
2046.75
2052.0
2054.25
2058.0
2057.5
2060.25
2060.0
2061.5
2064.5
2065.0
2067.75
2061.25
2055.0
2045.0
2034.0
2027.75
2033.5
2041.75
2052.0
2065.0
2073.0
2082.75
2088.5
2089.0
2087.5
2084.5
2080.75
2078.25
2070.0
2057.0
2041.75
2023.75
2007.5
1998.25
1995.75
2001.75
2013.0
2029.25
2043.25
2054.5
2057.0
2062.25
2069.75
2073.5
2080.75
2080.25
2080.5
2080.0
2087.0
2087.25
2083.25
2081.0
2073.25
2068.75
2061.0
2055.75
2050.0
2038.75
2033.25
2030.5
2027.25
2032.0
2041.75
2042.25
2048.75
2053.25
2057.5
2065.0
2061.75
2063.25
2063.5
2065.0
2077.75
2089.5
2089.5
2086.25
2077.25
2060.75
2049.75
2041.25
2042.75
2045.25
2042.75
2042.75
2036.0
2030.25
2038.0
2048.5
2055.25
2058.25
2060.5
2060.25
2056.25
2055.75
2049.75
2045.0
2048.25
2052.5
2055.75
2059.75
2057.25
2064.0
2070.75
2067.25
2055.25
2035.75
2018.25
2009.25
2016.0
2024.25
2037.75
2045.75
2053.25
2058.25
2057.75
2061.0
2057.25
2051.5
2039.25
2028.25
2024.75
2037.0
2067.0
2100.5
2124.5
2122.5
2101.0
2074.75
2052.0
2041.5
2034.25
2023.0
2012.25
2012.0
2011.75
2022.0
2033.5
2036.0
2041.5
2044.75
2046.75
2046.75
2046.5
2042.5
2046.75
2063.25
2082.25
2103.5
2113.5
2110.0
2104.75
2092.75
2082.0
2070.25
2063.0
2053.0
2042.0
2032.0
2020.0
2010.0
2003.0
2001.25
1999.5
2006.5
2018.5
2038.0
2055.75
2071.25
2084.25
2089.5
2096.0
2102.0
2104.25
2099.75
2091.0
2084.75
2083.75
2081.75
2074.0
2061.75
2049.25
2044.0
2048.75
2049.75
2047.25
2032.5
2022.5
2017.75
2020.75
2037.5
2048.5
2059.0
2064.75
2071.0
2074.0
2072.25
2067.75
2064.5
2060.25
2060.0
2067.25
2076.25
2090.5
2095.5
2084.25
2070.75
2060.75
2061.5
2069.25
2068.5
2060.0
2050.5
2042.25
2035.0
2029.5
2023.75
2020.0
2021.75
2034.0
2040.5
2046.75
2055.5
2059.5
2073.75
2083.5
2085.0
2085.5
2079.75
2069.75
2058.5
2040.25
2032.5
2035.5
2040.75
2042.25
2037.25
2035.5
2045.75
2066.75
2085.75
2104.5
2100.75
2088.0
2074.75
2059.5
2063.0
2070.0
2071.25
2062.25
2050.5
2040.0
2034.0
2046.75
2064.5
2086.0
2107.5
2113.0
2107.0
2091.5
2072.25
2048.5
2028.5
2010.0
1996.5
1994.5
2002.0
2020.25
2044.25
2064.5
2075.0
2077.5
2078.5
2079.0
2077.75
2076.25
2069.0
2057.0
2046.25
2039.0
2034.0
2028.75
2025.5
2030.25
2031.5
2043.0
2053.75
2057.0
2065.25
2066.5
2066.5
2060.75
2049.25
2045.5
2048.75
2054.75
2066.75
2074.75
2067.75
2059.75
2047.5
2036.75
2036.75
2037.5
2050.25
2056.0
2057.0
2060.75
2058.75
2063.5
2073.5
2084.0
2085.75
2082.5
2077.0
2078.25
2079.0
2079.75
2081.25
2071.5
2061.75
2052.25
2041.5
2038.5
2033.25
2033.5
2033.75
2035.0
2040.0
2043.5
2047.75
2047.5
2049.25
2051.75
2058.25
2064.5
2076.5
2082.5
2078.0
2068.75
2051.5
2037.25
2029.5
2032.0
2042.0
2055.5
2065.0
2069.75
2068.75
2063.0
2065.25
2063.75
2059.5
2057.0
2049.5
2046.0
2048.25
2056.5
2066.0
2070.0
2070.0
2064.75
2054.25
2045.5
2035.25
2019.75
2007.75
1993.25
1994.75
2002.0
2016.5
2042.0
2062.0
2076.25
2084.75
2091.25
2103.0
2125.75
2143.0
2141.25
2115.0
2080.25
2053.25
2039.5
2035.75
2027.25
2018.0
2013.25
2018.25
2041.75
2064.0
2074.25
2077.75
2070.75
2061.25
2063.25
2065.0
2065.75
2069.25
2067.75
2066.0
2058.25
2042.75
2032.75
2027.25
2029.75
2041.5
2046.75
2044.25
2038.5
2036.5
2044.75
2049.25
2051.5
2055.25
2054.75
2060.0
2069.5
2068.75
2062.5
2049.75
2042.0
2037.0
2035.75
2043.75
2047.5
2052.25
2057.25
2063.0
2070.25
2074.0
2073.25
2072.5
2069.25
2068.75
2074.5
2075.5
2072.0
2063.0
2049.25
2033.25
2022.25
2021.75
2031.5
2047.5
2058.0
2061.0
2055.25
2050.25
2053.5
2060.25
2069.25
2070.75
2072.5
2069.0
2067.0
2068.75
2065.25
2063.75
2054.5
2048.25
2050.75
2055.25
2061.75
2072.25
2075.75
2074.75
2074.75
2065.25
2054.25
2044.25
2038.0
2043.75
2047.75
2053.5
2056.75
2050.5
2040.75
2032.75
2028.25
2031.75
2050.25
2071.5
2089.25
2093.5
2089.75
2076.0
2060.0
2045.5
2026.0
2014.0
2009.75
2011.0
2016.75
2022.25
2026.5
2040.0
2053.25
2072.0
2086.0
2087.5
2086.5
2081.25
2074.5
2070.75
2068.75
2070.25
2069.75
2067.25
2065.75
2057.25
2057.25
2062.75
2064.25
2065.75
2058.25
2047.0
2043.75
2042.5
2040.0
2039.75
2033.25
2031.25
2035.0
2036.25
2040.0
2035.25
2041.0
2061.5
2081.5
2102.25
2107.25
2102.75
2095.75
2088.75
2087.75
2078.0
2061.75
2049.25
2037.0
2026.25
2030.0
2034.25
2032.0
2028.0
2015.5
2012.0
2021.0
2039.0
2073.5
2097.75
2110.0
2109.0
2086.75
2062.75
2046.0
2037.5
2039.75
2047.0
2058.75
2074.0
2082.5
2087.0
2086.5
2082.75
2078.75
2067.0
2048.0
2033.25
2016.75
2012.25
2020.0
2034.75
2058.75
2075.0
2083.25
2079.25
2073.25
2070.5
2070.25
2075.75
2083.0
2087.5
2089.0
2092.75
2105.25
2117.0
2119.75
2115.5
2091.25
2063.5
2047.75
2026.25
2011.75
2007.25
2006.75
2013.25
2023.5
2033.25
2035.5
2037.0
2033.75
2037.0
2039.25
2037.5
2039.25
2043.5
2058.25
2073.5
2083.25
2076.75
2065.75
2060.0
2058.0
2053.25
2038.75
2022.0
2001.5
1995.25
1999.0
2010.0
2025.75
2030.25
2041.5
2046.0
2053.75
2066.75
2076.5
2077.75
2070.75
2065.25
2058.5
2060.5
2063.75
2074.25
2075.5
2073.5
2082.0
2089.5
2101.75
2109.75
2104.5
2082.0
2052.25
2036.75
2022.25
2008.5
1997.25
1988.5
1996.5
2022.25
2058.0
2081.0
2094.25
2099.5
2102.75
2101.75
2091.25
2079.75
2063.25
2054.0
2049.25
2046.0
2045.5
2048.0
2052.0
2058.75
2054.75
2041.75
2028.0
2013.75
2012.5
2021.0
2023.25
2024.25
2016.5
2009.25
2017.75
2025.75
2037.0
2048.75
2055.25
2064.75
2074.25
2078.75
2081.0
2074.0
2074.0
2072.5
2067.75
2061.75
2051.25
2048.5
2053.25
2066.0
2079.75
2090.25
2091.5
2087.5
2075.75
2056.25
2037.25
2021.5
2017.5
2023.75
2037.25
2053.75
2058.5
2059.75
2056.5
2053.75
2059.5
2064.5
2071.5
2080.5
2084.0
2086.25
2083.0
2070.5
2070.0
2075.75
2091.75
2097.5
2079.0
2050.5
2017.75
2004.75
2007.25
2018.75
2031.75
2039.75
2048.75
2053.75
2058.75
2064.5
2067.5
2068.25
2072.5
2077.75
2079.25
2086.25
2087.0
2079.5
2068.0
2060.5
2059.0
2060.0
2068.75
2068.25
2055.5
2037.25
2028.5
2017.0
2016.5
2025.25
2028.0
2036.75
2046.75
2066.75
2083.5
2091.25
2097.25
2095.5
2087.25
2079.5
2067.0
2049.75
2039.5
2033.0
2034.25
2046.5
2056.25
2066.25
2064.5
2061.25
2061.5
2062.5
2065.5
2062.0
2056.0
2049.75
2049.25
2044.0
2041.75
2037.0
2027.0
2018.0
2003.5
2000.0
2014.25
2036.75
2066.0
2085.25
2094.5
2096.75
2097.25
2090.75
2074.0
2059.75
2043.25
2039.25
2039.25
2039.0
2035.75
2040.75
2044.0
2047.5
2056.75
2063.5
2082.5
2111.25
2137.75
2158.25
2165.25
2176.5
2201.25
2220.5
2243.5
2250.75
2244.0
2241.5
2236.0
2231.25
2228.25
2211.5
2196.5
2180.0
2163.75
2162.5
2155.0
2125.25
2084.0
2032.75
1976.75
1928.75
1888.75
1858.0
1826.5
1807.75
1794.75
1786.75
1795.75
1811.75
1823.75
1829.5
1827.75
1815.75
1809.25
1798.25
1789.5
1795.0
1805.75
1825.75
1860.0
1886.5
1904.25
1907.25
1905.75
1916.25
1935.25
1973.0
2012.5
2050.25
2094.25
2130.75
2158.25
2180.25
2189.25
2206.5
2221.25
2231.75
2239.25
2234.75
2230.5
2226.25
2224.25
2221.0
2214.0
2203.0
2193.5
2183.75
2176.75
2174.5
2165.75
2158.5
2151.75
2144.75
2144.0
2144.5
2149.0
2145.0
2136.25
2126.0
2114.25
2109.25
2105.5
2099.0
2086.75
2068.5
2042.25
2019.5
2000.5
1990.5
1990.25
1993.5
2002.75
2010.5
2015.5
2021.0
2019.0
2022.75
2026.25
2025.0
2023.75
2021.0
2025.5
2035.25
2048.0
2055.0
2059.0
2053.5
2053.75
2053.25
2051.0
2052.75
2047.75
2045.0
2045.25
2051.5
2051.0
2051.25
2043.75
2031.5
2025.0
2024.0
2032.5
2042.75
2056.75
2061.0
2059.5
2059.75
2056.75
2065.5
2068.75
2065.75
2061.75
2050.75
2049.0
2055.75
2065.5
2070.25
2067.25
2053.75
2041.5
2028.75
2017.25
2016.0
2017.0
2028.0
2047.25
2060.75
2071.25
2072.5
2072.25
2075.0
2071.75
2071.0
2069.25
2067.25
2072.0
2079.0
2080.5
2075.75
2064.0
2055.0
2046.5
2038.75
2040.0
2044.0
2058.5
2074.5
2075.75
2068.25
2055.75
2045.25
2046.5
2048.75
2048.5
2053.0
2051.75
2049.25
2044.0
2040.0
2047.0
2053.25
2060.5
2072.25
2075.75
2078.5
2081.0
2072.0
2061.5
2049.5
2041.75
2039.25
2036.25
2038.75
2036.25
2030.5
2027.0
2030.75
2029.5
2022.25
2021.0
2026.25
2057.0
2099.75
2136.75
2150.25
2139.25
2121.75
2107.0
2097.0
2094.25
2087.75
2073.75
2057.25
2041.0
2028.0
2017.25
2014.75
2011.75
2008.5
2011.0
2012.5
2014.75
2023.0
2031.0
2048.25
2064.5
2065.5
2051.25
2027.0
2012.0
2024.25
2058.75
2098.0
2120.75
2124.5
2122.0
2106.75
2092.75
2076.5
2052.5
2030.5
2019.25
2021.75
2027.5
2029.25
2030.25
2023.25
2017.75
2024.25
2034.25
2048.5
2072.5
2091.5
2095.25
2095.0
2083.25
2080.0
2088.5
2091.0
2091.25
2083.75
2070.0
2062.0
2054.25
2046.25
2039.5
2042.0
2049.25
2047.75
2043.0
2036.25
2031.0
2038.0
2048.0
2051.75
2055.25
2055.25
2063.5
2070.0
2072.75
2070.25
2057.75
2047.75
2038.25
2034.5
2029.75
2022.25
2024.75
2046.5
2076.0
2096.25
2104.5
2090.5
2067.5
2048.5
2033.5
2024.5
2021.0
2033.5
2048.0
2061.75
2068.75
2065.75
2060.0
2053.75
2059.0
2072.0
2085.0
2089.75
2094.75
2085.75
2069.75
2059.0
2045.25
2040.0
2045.5
2052.0
2050.5
2046.75
2040.25
2034.5
2035.25
2037.75
2043.5
2057.5
2075.0
2091.5
2099.25
2093.0
2078.0
2057.5
2046.0
2041.25
2044.5
2054.75
2062.75
2069.75
2070.25
2068.5
2067.25
2063.0
2061.0
2052.75
2041.0
2033.5
2031.0
2032.25
2035.75
2040.0
2043.0
2052.0
2060.25
2062.25
2055.5
2046.5
2040.5
2043.25
2053.75
2065.5
2074.75
2071.75
2053.5
2033.0
2014.25
2014.0
2032.75
2050.0
2068.75
2081.75
2089.25
2095.0
2093.0
2079.75
2070.0
2060.5
2057.75
2065.5
2066.25
2069.0
2067.5
2063.0
2059.5
2051.75
2044.25
2040.5
2040.25
2049.75
2063.5
2072.5
2076.5
2070.5
2062.5
2058.25
2051.25
2047.0
2041.75
2040.25
2043.25
2052.75
2060.25
2057.5
2050.0
2039.5
2039.75
2041.25
2051.0
2055.5
2055.75
2064.0
2076.0
2093.25
2096.75
2088.25
2064.75
2037.0
2021.5
2016.25
2017.75
2019.5
2022.75
2024.5
2031.25
2034.25
2025.75
2019.25
2013.25
2026.25
2044.75
2055.0
2059.5
2050.25
2041.75
2043.0
2054.25
2073.75
2090.25
2096.0
2092.5
2077.0
2063.0
2056.75
2055.25
2057.75
2058.5
2051.25
2038.25
2025.25
2022.0
2019.0
2022.5
2030.75
2034.75
2044.75
2052.0
2058.5
2061.5
2062.5
2065.75
2078.75
2090.75
2096.75
2098.5
2085.0
2072.0
2068.0
2063.5
2059.5
2056.25
2053.25
2049.75
2041.0
2038.0
2040.5
2040.75
2041.75
2040.75
2037.75
2042.25
2049.25
2060.0
2066.5
2073.25
2089.75
2101.75
2106.75
2108.75
2101.0
2081.25
2060.75
2035.75
2023.0
2027.0
2039.5
2052.75
2057.5
2055.25
2053.25
2058.75
2061.0
2055.5
2046.25
2036.75
2027.75
2025.5
2030.5
2035.25
2042.0
2057.0
2069.75
2078.0
2080.5
2079.0
2076.5
2070.5
2070.75
2067.5
2060.5
2058.0
2065.0
2070.25
2071.75
2064.0
2048.25
2038.5
2036.5
2042.5
2049.75
2057.5
2060.0
2063.0
2061.5
2052.25
2050.0
2053.5
2061.5
2072.25
2077.0
2072.5
2067.25
2056.0
2047.25
2049.5
2049.0
2062.0
2070.25
2075.0
2080.0
2074.25
2068.75
2056.75
2043.0
2036.5
2043.75
2055.25
2073.25
2091.0
2090.25
2084.0
2067.5
2049.25
2038.25
2028.5
2024.75
2023.5
2036.25
2047.75
2059.75
2068.5
2066.75
2067.0
2062.75
2059.25
2047.0
2040.25
2045.0
2057.75
2069.0
2075.25
2074.25
2062.5
2053.0
2042.5
2033.5
2028.0
2028.0
2037.5
2044.75
2047.75
2055.0
2063.0
2072.5
2086.75
2098.0
2096.25
2089.75
2074.5
2060.5
2051.75
2051.5
2054.75
2054.25
2055.25
2045.75
2040.25
2036.25
2038.25
2050.5
2064.0
2071.5
2071.25
2064.25
2053.5
2047.5
2043.25
2043.0
2049.25
2052.0
2055.75
2058.75
2056.25
2055.0
2051.75
2045.75
2039.75
2037.25
2037.25
2044.25
2049.0
2063.25
2076.25
2077.25
2078.25
2068.0
2057.5
2053.25
2058.25
2065.5
2064.75
2055.0
2044.0
2037.0
2051.5
2081.25
2105.0
2114.75
2107.75
2095.25
2078.0
2063.75
2051.5
2036.5
2028.75
2025.5
2017.25
2010.25
2004.75
2003.5
2012.0
2029.5
2044.25
2061.25
2069.75
2073.5
2076.25
2074.5
2080.5
2086.75
2087.75
2084.0
2073.25
2059.75
2052.5
2044.0
2038.75
2034.75
2026.5
2024.5
2025.5
2027.25
2032.75
2038.0
2045.75
2046.0
2048.25
2050.0
2056.0
2068.0
2074.75
2074.75
2061.75
2049.75
2041.5
2053.75
2066.25
2079.75
2098.5
2105.0
2111.0
2112.5
2101.5
2086.75
2069.0
2051.0
2036.5
2018.25
2007.75
2004.25
2007.75
2025.25
2048.0
2062.0
2069.0
2063.5
2059.25
2054.75
2048.5
2048.5
2049.25
2056.75
2065.5
2072.25
2068.0
2058.0
2045.5
2037.0
2029.0
2025.0
2031.75
2038.5
2046.5
2055.75
2066.25
2076.5
2082.25
2086.25
2085.5
2079.5
2078.25
2079.25
2076.75
2074.0
2072.75
2066.0
2062.0
2059.25
2065.25
2070.25
2071.5
2075.5
2072.5
2065.75
2052.75
2033.0
2013.75
2001.0
1994.75
2000.75
2009.5
2026.0
2048.5
2056.5
2054.0
2041.5
2032.75
2047.25
2077.75
2119.5
2140.25
2128.0
2100.5
2062.75
2039.25
2030.25
2029.75
2035.0
2039.0
2036.0
2028.0
2021.5
2026.75
2042.5
2058.75
2068.0
2064.0
2058.0
2059.25
2065.0
2068.75
2078.75
2078.75
2073.0
2068.75
2056.5
2048.75
2054.75
2069.5
2086.25
2095.5
2096.75
2086.25
2065.5
2046.75
2025.25
2008.75
2013.0
2022.5
2030.5
2034.5
2031.0
2033.0
2035.0
2042.75
2049.0
2049.5
2054.75
2066.0
2080.5
2090.75
2090.25
2083.5
2079.5
2083.0
2098.25
2114.0
2115.0
2105.0
2088.75
2068.5
2053.75
2039.0
2028.75
2023.25
2021.5
2021.0
2017.0
2014.75
2017.25
2030.25
2052.75
2079.25
2096.25
2112.5
2119.25
2115.5
2107.75
2098.5
2086.75
2077.75
2073.25
2063.25
2054.25
2048.75
2044.0
2042.5
2043.25
2046.0
2051.75
2054.75
2047.0
2034.25
2024.75
2020.5
2038.0
2058.0
2070.5
2080.0
2079.75
2080.5
2082.0
2081.5
2073.75
2062.25
2050.25
2044.0
2038.5
2025.25
2013.5
1999.25
1994.25
1988.0
1978.5
1972.5
1967.25
1980.25
1994.75
2002.0
2009.0
2019.25
2044.25
2073.75
2106.25
2125.25
2133.5
2134.5
2129.75
2122.75
2117.0
2121.0
2119.75
2116.75
2106.25
2088.0
2070.0
2053.75
2043.75
2041.5
2044.5
2055.5
2062.75
2055.5
2041.25
2024.0
2012.5
2011.5
2016.5
2027.25
2031.0
2029.25
2028.0
2027.0
2036.25
2054.75
2072.5
2077.25
2067.25
2046.5
2035.25
2032.75
2040.25
2048.5
2039.0
2019.75
2004.0
1997.25
2004.5
2017.0
2030.0
2046.0
2063.5
2086.0
2104.25
2110.5
2102.5
2087.75
2073.25
2062.75
2061.5
2062.0
2063.5
2063.25
2060.75
2063.75
2063.0
2062.25
2064.75
2067.75
2070.0
2070.25
2073.75
2068.5
2056.25
2047.5
2036.5
2028.0
2031.5
2039.0
2041.0
2042.75
2049.0
2057.5
2059.25
2065.5
2066.25
2066.0
2077.75
2085.75
2091.5
2087.75
2073.75
2068.75
2064.25
2064.25
2069.5
2065.25
2060.0
2057.0
2051.75
2048.0
2042.75
2035.25
2039.0
2042.0
2048.25
2055.0
2051.75
2049.0
2044.25
2040.5
2042.5
2047.5
2061.0
2073.75
2079.5
2079.5
2071.75
2064.5
2062.5
2066.25
2070.75
2073.0
2067.25
2061.5
2048.75
2038.25
2036.25
2033.0
2040.25
2052.0
2067.0
2080.5
2084.5
2082.0
2072.25
2060.5
2051.25
2050.5
2047.75
2045.25
2049.0
2052.75
2062.75
2076.0
2089.0
2085.75
2078.0
2067.0
2047.25
2037.25
2032.75
2036.0
2041.0
2042.5
2035.75
2027.5
2019.0
2015.5
2023.0
2033.0
2049.5
2066.25
2076.5
2077.5
2077.0
2077.0
2079.25
2087.25
2092.75
2095.75
2094.0
2085.75
2077.75
2068.5
2064.0
2057.75
2069.25
2082.25
2092.0
2108.0
2110.0
2113.0
2127.5
2148.0
2176.25
2208.0
2223.75
2234.75
2234.0
2226.25
2223.0
2215.0
2203.5
2190.75
2176.5
2163.0
2153.5
2150.75
2137.5
2112.5
2081.25
2029.5
1975.5
1920.25
1867.25
1824.5
1797.75
1785.25
1786.75
1801.5
1810.75
1823.0
1827.25
1819.75
1816.5
1813.5
1814.25
1821.0
1822.75
1822.5
1817.75
1821.75
1842.25
1856.5
1873.5
1886.5
1896.75
1925.25
1960.0
1999.75
2037.75
2070.25
2100.25
2131.5
2167.75
2207.75
2242.0
2266.5
2273.75
2276.25
2282.25
2275.5
2272.5
2258.0
2240.5
2232.5
2219.75
2206.5
2190.5
2175.0
2167.25
2164.0
2154.75
2147.5
2137.0
2129.75
2129.0
2124.25
2119.0
2109.25
2094.75
2085.75
2075.5
2063.25
2053.75
2049.75
2054.25
2063.25
2076.5
2071.75
2052.5
2031.0
2018.75
2010.25
2007.75
2005.75
1993.0
1986.75
1985.0
1988.0
1994.0
2005.0
2025.0
2045.5
2063.25
2068.0
2063.25
2058.25
2054.75
2059.25
2062.5
2057.25
2043.75
2041.25
2037.25
2036.25
2041.5
2033.25
2029.5
2030.75
2040.5
2055.0
2059.5
2058.25
2054.25
2049.0
2050.5
2054.5
2054.5
2057.5
2058.5
2054.5
2049.25
2040.5
2047.75
2065.5
2085.5
2100.0
2100.25
2095.25
2079.75
2062.75
2051.25
2041.5
2030.75
2032.0
2033.75
2030.5
2032.25
2028.5
2029.0
2035.25
2050.25
2065.25
2071.0
2071.0
2067.0
2059.75
2061.75
2070.5
2075.25
2083.75
2082.5
2070.25
2057.0
2039.5
2029.5
2028.0
2034.25
2046.5
2053.25
2055.25
2052.25
2047.0
2048.25
2059.5
2072.75
2081.75
2077.25
2069.75
2061.75
2056.5
2055.75
2051.0
2045.0
2041.0
2036.5
2035.75
2043.25
2051.75
2057.0
2057.5
2053.75
2048.0
2048.25
2049.25
2047.25
2046.25
2047.25
2043.5
2038.75
2037.0
2033.5
2041.75
2063.0
2083.0
2104.0
2119.5
2113.0
2101.25
2082.75
2061.0
2048.75
2045.0
2047.75
2057.25
2068.0
2065.0
2055.25
2050.25
2051.75
2059.75
2067.75
2061.75
2046.5
2033.25
2018.5
2011.25
2010.5
2008.0
2019.75
2033.25
2045.75
2062.75
2077.75
2093.5
2102.5
2100.0
2086.0
2072.0
2064.0
2069.25
2075.0
2074.25
2073.75
2070.5
2074.75
2078.0
2079.0
2069.75
2049.25
2031.0
2014.0
2003.75
2005.75
2018.25
2034.75
2050.25
2065.5
2070.75
2066.25
2056.5
2051.0
2048.5
2059.75
2078.25
2083.75
2085.75
2081.5
2077.25
2072.5
2061.25
2043.5
2028.0
2017.5
2013.0
2019.0
2021.0
2030.0
2041.0
2046.0
2052.5
2054.0
2066.25
2079.0
2092.0
2103.5
2103.75
2101.5
2095.0
2091.25
2087.75
2081.0
2070.5
2054.75
2039.5
2029.0
2027.0
2024.0
2017.5
2016.75
2026.25
2045.5
2062.75
2077.0
2081.0
2076.0
2069.5
2056.0
2043.5
2031.25
2025.25
2020.25
2017.5
2020.25
2032.75
2052.75
2071.5
2086.5
2092.5
2093.25
2094.0
2102.5
2110.5
2106.25
2088.0
2065.5
2042.25
2029.75
2030.75
2030.5
2028.75
2029.25
2029.5
2027.0
2023.0
2024.75
2027.5
2032.75
2042.75
2052.0
2062.75
2072.5
2081.0
2084.25
2080.5
2074.75
2078.0
2076.0
2068.5
2060.25
2045.5
2040.5
2044.25
2048.25
2054.0
2054.25
2056.25
2067.5
2065.5
2057.0
2052.25
2044.25
2047.25
2059.75
2066.5
2074.0
2077.0
2077.75
2079.75
2075.25
2072.25
2069.5
2060.5
2054.25
2051.75
2050.5
2054.75
2052.5
2051.5
2049.75
2050.75
2059.5
2060.0
2060.5
2055.75
2046.5
2041.25
2036.0
2034.75
2042.5
2048.75
2055.75
2060.25
2057.25
2054.0
2051.5
2056.5
2064.75
2067.25
2068.25
2053.25
2034.0
2025.5
2020.0
2018.75
2025.0
2028.0
2030.25
2042.75
2048.75
2055.25
2055.25
2055.0
2062.75
2073.75
2088.75
2094.25
2094.25
2087.0
2075.0
2063.25
2048.75
2035.75
2028.25
2026.75
2029.25
2037.75
2041.5
2040.25
2034.25
2020.25
2020.5
2022.75
2025.25
2028.5
2023.75
2025.75
2035.75
2046.5
2057.0
2065.25
2068.25
2077.5
2079.0
2079.0
2086.0
2089.25
2094.25
2095.25
2093.5
2090.75
2081.5
2077.75
2077.5
2076.0
2071.25
2053.0
2027.5
2003.75
1993.75
1999.75
2009.5
2021.5
2038.5
2054.0
2065.5
2071.75
2078.75
2081.5
2078.0
2072.25
2053.5
2030.25
2013.5
2012.75
2027.0
2048.75
2064.75
2069.25
2062.0
2049.5
2038.25
2042.0
2061.0
2094.5
2133.75
2148.25
2144.75
2127.5
2102.5
2083.0
2067.75
2053.5
2041.25
2033.75
2031.0
2025.0
2023.5
2028.5
2036.5
2048.25
2059.75
2064.5
2060.75
2056.25
2054.75
2056.75
2053.0
2047.5
2043.75
2038.75
2044.25
2050.25
2049.5
2049.75
2043.0
2038.75
2031.25
2017.0
2014.0
2023.0
2037.0
2058.0
2069.25
2065.25
2064.25
2065.25
2082.0
2100.5
2120.5
2134.25
2132.5
2122.75
2104.0
2089.25
2076.0
2071.25
2068.25
2059.25
2043.5
2027.5
2020.25
2020.5
2032.5
2041.0
2042.75
2044.5
2046.5
2056.5
2063.25
2065.5
2062.0
2056.5
2046.25
2027.75
2016.0
2007.75
2016.5
2041.25
2071.75
2083.5
2076.75
2067.5
2058.5
2070.25
2098.5
2119.25
2124.25
2115.75
2100.0
2081.0
2063.0
2051.25
2043.5
2038.0
2036.75
2036.0
2035.75
2041.75
2044.5
2050.75
2056.0
2042.0
2058.0
2048.0
